
strategic_region={
	id=1
	name="Baltic States"
	provinces={
		22 54 128 176 211 269 270 373 377 424 484 502 570 579 690 720 729 839 1049 1064 1110 1182 1288 1302 1375 1485 1496 1532 1546 1603 1694 1710 1811 1857 1875 1925 1951 1967 1978 2085 2327 2359 2397 2405 2501 2644 2669 2951 3104 3182 3246 3265 3269 3300 3305 3404 3426 3519 3524 3542 3599 3651 3788 3828 3835 3843 3874 3881 4019 4033 4177 4178 4291 4373 4413 4422 4426 4465 4500 4542 4599 4722 4787 4876 4907 4929 4936 5126 5161 5174 5333 5340 5343 5371 5377 5380 5428 5441 5695 5759 5814 5829 5843 5854 5952 6066 6072 6239 6285 6317 6341 6464 6467 6491 6498 6529 6537 6818 6829 6891 6936 6960 7020 7085 7217 7250 7267 7417 7427 7440 7453 7492 7550 7628 7657 7660 7801 7985 8035 8121 8234 8248 8299 8300 8303 8357 8419 8602 8619 8626 8627 8654 8672 8741 8816 8866 8931 8961 8969 8985 9045 9110 9174 9196 9223 9303 9338 9356 9490 9508 9562 9588 9593 9596 9620 9637 9644 9713 9747 9759 9765 9834 9895 9922 9935 9939 9964 9989 10134 10229 10247 10292 10294 10334 10419 10428 10462 10487 10495 10638 10640 10641 10688 11042 11065 11173 11316 11358 11407 11470 11512 11693 11721 11728 11818 11838 11852 11864 11914 12010 12023 12047 12105 12153 12214 12292 12512 12577 12593 12602 12661 12749 12785 12867 12889 13032 13081 13119 13144 13264 13277 13314 13376 13383 13385 13435 13457 13509 13538 13626 13647 13675 13728 13866 14084 14141 14305 14387 14417 14440 14526 14533 14539 14566 14568 14572 14589 14690 14691 14692 14693 14694 14695 14733 14734 14739 14751 14756 14762 14771 14776 14785 14796 14797 14800 14801 14804 14813 14819 14829 14833 14841 14842 14866 14867 14871 14878 14879 14884 14891 14894 14895 14907 14911 14914 14932 14935 14936 14948 14949 14950 14957 14963 14964 14975 14982 14985 14988 14989 14990 14999 15009 15019 15023 15026 15028 15031 15036 15048 15055 15066 15069 15076 15077 15085 15089 15093 15098 15111 15112 15113 15118 15122 15123 15125 15134 15137 15155 15162 15186 15187 15193 15199 15212 15221 15249 15256 15260 15296 15335 15347 15357 15358 15361 15370 15406 15442 21753 21767 21771 21777 
	}
	weather={
	}
}
