
strategic_region={
	id=12
	name="Western Balkans"
	provinces={
		81 280 326 426 435 515 532 665 676 1233 1331 1348 1373 1378 1379 1390 1673 1793 1854 1877 1927 1942 1973 2072 2237 2292 2307 2365 2378 2547 2566 2569 2615 2643 2701 2818 2919 2925 3031 3159 3175 3186 3255 3398 3417 3447 3483 3536 3571 3591 3647 4027 4109 4171 4187 4227 4245 4303 4330 4411 4491 4612 4660 4793 4838 4869 4966 5015 5135 5187 5497 5517 5555 5578 5592 5595 5680 5784 5794 5876 5999 6003 6011 6027 6116 6225 6392 6567 6581 6585 6636 6939 7295 7301 7398 7603 7610 7664 7762 7792 7927 7973 7975 8243 8254 8296 8302 8372 8657 8682 8855 8972 9101 9176 9294 9330 9340 9417 9432 9524 9532 9594 9826 9863 9915 10068 10211 10217 10252 10325 10517 10612 10754 10758 10842 10922 11171 11275 11342 11518 11550 11771 11833 11976 12097 12124 12244 12345 12414 12504 12572 12809 13068 13185 13188 13272 13289 13293 13462 13521 13552 13662 13707 13733 13861 13937 14047 14093 14135 14173 14278 14314 14369 14381 14482 19170 19180 19206 19210 19221 19233 19249 19306 19337 19412 19438 19462 19472 19490 19509 19526 19554 19569 19582 19614 19671 19688 19692 19719 19758 19762 19767 19795 19821 19841 19845 19860 19870 19895 19944 19956 19962 19963 19973 19975 20014 20083 20106 20115 20146 20158 20163 20171 20182 20194 20217 20222 20242 20276 20285 20286 20293 
	}
	weather={
	}
}
