
strategic_region={
	id=13
	name="Slovakia"
	provinces={
		11 17 50 52 78 140 143 161 263 411 413 417 425 455 458 503 554 571 578 603 625 637 677 777 856 969 976 1072 1350 1365 1424 1475 1501 1527 1602 1724 1731 1763 1815 1867 1882 2041 2060 2063 2161 2179 2207 2233 2239 2243 2320 2368 2377 2387 2486 2509 2542 2545 2619 2620 2626 2632 2700 2834 2866 2885 2914 2940 3041 3047 3114 3131 3176 3204 3268 3299 3393 3436 3462 3510 3547 3709 3731 3748 3789 3814 3829 3899 3989 3995 4112 4124 4183 4524 4601 4650 4672 4828 4832 4885 4928 5012 5026 5061 5199 5220 5259 5342 5418 5493 5508 5580 5610 5639 5713 5728 5731 5754 5780 5809 5932 5944 6090 6144 6273 6293 6375 6443 6503 6543 6607 6633 6643 6662 6671 6713 6725 6733 6813 6832 6833 6879 6920 6925 6989 6992 7000 7061 7064 7146 7242 7249 7263 7303 7326 7345 7424 7600 7750 7763 7853 7984 8044 8138 8327 8339 8451 8549 8575 8625 8629 8634 8714 8729 8760 8774 8820 8879 8916 9013 9087 9134 9205 9231 9265 9308 9704 9775 9992 10018 10061 10112 10214 10256 10302 10364 10375 10404 10479 10524 10621 10634 10675 10743 10744 10815 10819 10839 10850 10932 11010 11115 11290 11684 11759 11790 11872 12055 12064 12159 12182 12288 12431 12604 12777 12931 12977 12978 13057 13080 13118 13135 13145 13207 13227 13407 13411 13514 13524 13610 13803 13850 13918 13981 13997 14021 14074 14080 14167 14182 14222 14241 14270 14372 14377 14378 14436 14442 14473 14530 14546 14591 14621 14629 14680 17386 17505 17507 17520 17526 17527 17528 17540 17546 17548 17550 17554 17564 17593 17602 17614 17617 17624 17625 17636 17642 17666 17667 17675 17692 17706 17711 17715 17716 17723 17740 17745 17746 17750 17758 17762 17774 17780 17782 17788 17790 17791 17793 17797 17798 17802 17806 17809 17826 17832 17844 17852 17871 17875 17883 17887 17892 17901 17910 17911 17912 17917 17931 17932 17947 17955 17965 17972 17984 18013 18025 18027 18035 18036 18062 18111 18130 21805 21809 21813 
	}
	weather={
	}
}
