
strategic_region={
	id=14
	name="Czechia"
	provinces={
		119 154 183 288 306 459 496 724 979 1158 1192 1193 1254 1368 1469 1571 1639 1685 1704 1748 1764 1829 1856 1863 2005 2019 2084 2285 2321 2483 2570 3425 3504 3715 3757 3872 3954 4155 4179 4233 4528 5013 5036 5934 6353 6517 6583 6601 6756 7052 7104 7631 8085 8136 8180 8188 8224 8294 8452 8659 9393 9618 9793 10394 10658 11541 11565 11915 11933 11955 12094 12101 12174 12177 12299 12338 12359 12499 12925 12946 12996 13010 13020 13362 13492 13499 13676 14257 16840 16883 16911 16967 16980 17034 17042 17061 17073 17109 17135 17158 17213 17223 17239 17249 17281 17301 17302 17313 17328 17345 17387 17427 17462 17464 17479 17490 17519 17568 17591 
	}
	weather={
	}
}
