
strategic_region={
	id=15
	name="Halychyna"
	provinces={
		9 40 90 132 174 275 310 497 568 614 647 670 1050 1082 1112 1130 1134 1144 1227 1248 1323 1333 1425 1547 1594 1599 1648 1733 1771 1791 1866 1945 1980 2116 2142 2159 2160 2251 2252 2295 2347 2363 2370 2426 2461 2616 2617 2734 2853 2858 2908 2943 3032 3053 3327 3349 3485 3641 3702 3728 3742 3756 3819 3882 3908 3980 4037 4092 4094 4106 4111 4125 4173 4251 4252 4290 4572 4592 4609 4611 4702 4720 4723 4735 4742 4746 4804 4812 4904 4910 4924 4952 5016 5039 5155 5195 5263 5321 5355 5425 5465 5511 5565 5615 5714 5773 5797 5823 5827 5909 6053 6078 6127 6156 6178 6185 6250 6313 6349 6350 6410 6493 6516 6526 6578 6681 6721 6802 6824 6913 6922 6934 6944 6978 7025 7081 7086 7094 7194 7201 7238 7299 7307 7320 7364 7385 7515 7566 7606 7735 7813 7844 7864 7871 7882 7918 7924 7950 7951 8020 8108 8159 8226 8293 8320 8383 8387 8483 8488 8499 8515 8537 8538 8591 8834 8979 9025 9097 9157 9191 9212 9274 9286 9297 9360 9419 9457 9480 9493 9566 9651 9699 9760 9771 9809 9818 9892 9896 9970 10043 10110 10129 10137 10195 10706 10757 10761 10817 10825 10832 10871 10888 10905 10906 10938 10987 11033 11101 11180 11199 11200 11202 11240 11260 11278 11356 11432 11496 11530 11545 11554 11556 11562 11664 11751 11783 11889 11901 12015 12045 12070 12115 12131 12141 12222 12298 12304 12374 12436 12505 12548 12605 12659 12717 12726 12739 12772 12781 12855 12880 13013 13073 13095 13146 13384 13437 13518 13597 13600 13689 13731 13757 13762 13817 13896 13919 14002 14015 14079 14083 14089 14197 14313 14394 14462 14501 14545 14613 14674 17115 17153 17189 17194 17238 17259 17262 17284 17287 17314 17324 17333 17346 17349 17364 17370 17382 17413 17418 17423 17432 17437 17443 17458 17469 17477 17499 17500 17513 17541 17555 17560 17572 17577 17584 17608 17609 17627 17638 17641 17647 17648 17654 17658 17669 17681 17699 17712 17721 17722 17727 17730 17733 17741 17751 17753 17754 17766 17776 17803 17819 17824 17833 17845 17876 17877 17878 17891 17893 17902 17903 17908 17933 17950 17951 17968 17969 17973 17981 17999 18004 18011 18050 18060 18064 18070 18087 18099 18116 18127 18143 18147 18166 18224 18246 18258 18285 18317 
	}
	weather={
	}
}
