
strategic_region={
	id=17
	name="Naddnipryanshchyna"
	provinces={
		5 15 79 92 97 103 107 109 118 169 170 231 235 345 370 378 388 473 490 529 557 564 577 586 586 586 609 629 714 772 785 807 809 814 823 873 891 891 891 1001 1011 1055 1056 1065 1080 1180 1234 1242 1250 1256 1304 1340 1345 1402 1402 1413 1415 1418 1461 1480 1537 1614 1660 1705 1705 1705 1749 1754 1758 1775 1780 1817 1831 1862 1862 1862 1874 1889 1895 1905 1971 2055 2140 2184 2222 2254 2314 2323 2357 2369 2401 2444 2557 2564 2585 2647 2662 2674 2716 2718 2727 2753 2759 2797 2805 2805 2805 2948 3010 3010 3010 3028 3070 3085 3105 3117 3150 3151 3174 3215 3221 3247 3283 3302 3302 3302 3306 3306 3306 3309 3353 3356 3391 3470 3498 3498 3498 3513 3514 3559 3590 3590 3590 3669 3690 3693 3712 3738 3740 3790 3790 3790 3830 3853 3884 3889 3917 3917 3917 3932 3943 3963 3966 4018 4038 4163 4182 4222 4222 4222 4231 4282 4297 4318 4345 4368 4393 4461 4485 4517 4584 4596 4710 4717 4717 4767 4836 4843 4845 4847 4847 4847 4905 4965 5065 5071 5082 5136 5162 5162 5162 5169 5189 5219 5260 5311 5334 5359 5365 5409 5489 5495 5495 5515 5564 5582 5589 5648 5698 5727 5750 5771 5788 5816 5838 5931 5948 5978 6067 6085 6085 6088 6096 6114 6135 6164 6200 6204 6220 6236 6236 6236 6243 6254 6267 6288 6292 6330 6397 6402 6402 6402 6425 6475 6475 6475 6522 6541 6572 6648 6648 6648 6677 6684 6685 6689 6692 6692 6742 6745 6789 6868 6945 6949 7005 7006 7006 7006 7021 7021 7021 7021 7024 7070 7106 7128 7132 7177 7321 7321 7321 7343 7353 7355 7454 7462 7493 7547 7575 7595 7619 7623 7629 7658 7707 7728 7773 7779 7780 7783 7798 7804 7818 7879 7895 7916 7922 7922 7942 7946 7977 7981 7988 8000 8013 8013 8013 8013 8060 8065 8075 8075 8127 8170 8198 8198 8198 8203 8205 8217 8217 8217 8289 8298 8433 8444 8470 8477 8484 8500 8502 8579 8610 8639 8694 8694 8694 8726 8726 8726 8779 8787 8800 8800 8800 8800 8804 8805 8840 8852 8863 8893 8936 8938 8958 8958 8958 8973 8973 8973 8975 8975 8975 9081 9106 9106 9181 9362 9389 9391 9437 9501 9559 9582 9598 9632 9661 9746 9749 9749 9749 9773 9773 9773 9778 9812 9812 9812 9815 9860 9901 9914 9942 9944 9990 10002 10039 10056 10070 10072 10160 10178 10183 10248 10273 10274 10284 10356 10384 10384 10384 10414 10472 10496 10505 10555 10567 10599 10626 10643 10677 10717 10732 10821 10856 10859 10919 10944 10981 10986 10990 11007 11049 11049 11049 11148 11159 11192 11211 11230 11282 11294 11307 11339 11340 11343 11366 11379 11408 11413 11417 11469 11483 11498 11515 11524 11608 11645 11705 11706 11706 11706 11710 11729 11743 11746 11746 11839 11861 11929 11930 11944 11954 11957 11968 11969 11987 12029 12106 12163 12185 12229 12229 12229 12247 12255 12270 12270 12270 12279 12372 12380 12462 12462 12476 12524 12566 12618 12643 12674 12676 12801 12847 12879 12930 12930 12930 12930 12939 12942 12971 13011 13035 13056 13060 13069 13132 13133 13225 13242 13259 13270 13271 13279 13279 13279 13295 13310 13310 13310 13310 13337 13343 13351 13355 13356 13368 13371 13424 13459 13476 13636 13673 13673 13741 13742 13766 13818 13818 13818 13890 13907 13930 13930 13930 13984 14008 14012 14072 14100 14153 14165 14290 14295 14315 14315 14315 14356 14435 14456 14460 14497 14508 14532 14534 14540 14550 14609 14609 14684 15641 15641 15641 15652 15652 15652 15691 15691 15691 16645 16674 16688 16710 16722 16738 16747 16748 16790 16791 16797 16816 16824 16835 16844 16848 16851 16852 16869 16893 16900 16902 16926 16927 16928 16933 16934 16940 16943 16982 16984 16996 17005 17006 17019 17025 17026 17036 17049 17065 17070 17071 17085 17086 17090 17093 17093 17105 17116 17122 17122 17128 17130 17150 17151 17151 17160 17160 17163 17163 17163 17163 17164 17164 17164 17164 17168 17170 17180 17191 17192 17195 17195 17197 17198 17198 17221 17230 17232 17232 17234 17256 17260 17277 17288 17289 17290 17294 17295 17295 17299 17306 17325 17326 17334 17336 17341 17355 17356 17361 17383 17384 17389 17393 17394 17401 17404 17407 17415 17425 17444 17447 17450 17455 17466 17481 17482 17483 17493 17494 17503 17506 17521 17543 17547 17549 17570 17575 17581 17586 17587 17592 17619 17622 17628 17637 17643 17653 17657 17661 17686 17697 17708 17713 17728 17770 17789 17822 17829 17856 17866 18237 18255 18399 18405 18434 18441 18451 18463 18477 18491 18512 18525 18545 18581 18584 18585 18586 18614 18626 18636 18649 18663 18679 18685 18705 18727 18728 18737 18750 18755 18755 18755 18764 18764 18764 18777 18795 18797 18814 18831 18832 18832 18832 18835 18850 18854 18861 18861 18861 18864 18864 18864 18865 18866 18866 18866 18893 18904 18920 18920 18920 18945 18945 18945 18959 18959 18959 18991 18991 18991 18995 18995 18995 19021 19021 19021 19023 19023 19023 19036 19036 19036 19055 19064 19069 19069 19069 19094 19109 19109 19109 19131 19131 19131 19137 19137 19137 19146 19146 19146 19177 19177 19177 20782 21941 21941 21941 21941 21942 21942 21942 21942 21943 21943 21943 21943 21944 21944 21944 21944 21945 21945 21945 21945 21946 21946 21946 21946 21947 
	}
	weather={
	}
}
