
strategic_region={
	id=19
	name="Donbass"
	provinces={
		59 77 121 142 159 187 200 333 379 407 450 511 543 644 692 718 750 794 906 965 982 993 1024 1040 1166 1167 1353 1384 1512 1640 1641 1668 1698 1737 1776 1785 1819 1849 1948 1991 2006 2033 2119 2125 2215 2316 2351 2417 2478 2503 2699 2749 2766 2851 2871 2876 2902 2904 2971 3133 3257 3267 3416 3429 3581 3745 3836 3860 3879 3967 3999 4022 4116 4352 4359 4688 4713 4771 4849 4853 4868 4975 5004 5008 5010 5014 5030 5077 5095 5170 5170 5215 5229 5281 5372 5481 5518 5525 5567 5591 5613 5649 5687 5732 5804 5837 5853 5993 5998 6004 6008 6051 6095 6199 6215 6230 6231 6265 6286 6377 6416 6461 6470 6488 6506 6525 6556 6609 6618 6700 6749 6759 6799 6860 6958 6966 6998 7096 7142 7150 7181 7246 7268 7283 7298 7395 7475 7721 7858 7873 7878 7883 7908 7965 8003 8093 8128 8131 8167 8407 8417 8439 8482 8498 8518 8622 8691 8767 8778 8780 8786 8796 8944 8959 8983 9030 9032 9065 9099 9132 9139 9298 9365 9489 9579 9583 9597 9691 9720 9774 9898 9980 10119 10190 10203 10227 10244 10481 10483 10500 10510 10671 10676 10783 10789 10855 10945 10959 11021 11039 11043 11044 11045 11051 11064 11080 11081 11179 11188 11207 11212 11256 11277 11355 11486 11609 11776 11822 11887 12002 12031 12044 12187 12305 12321 12330 12445 12527 12529 12544 12626 12731 12773 12810 12832 12833 12858 12940 12981 12982 13007 13009 13019 13190 13212 13228 13234 13329 13354 13399 13475 13567 13623 13696 13750 13760 13958 13989 14027 14090 14137 14190 14297 14397 14439 14488 14606 14617 17282 17321 17358 17366 17398 17420 17439 17440 17478 17498 17510 17537 17539 17579 17601 17606 17629 17630 17639 17640 17683 17752 17760 17771 17801 17808 17813 17828 17841 17842 17846 17847 17854 17862 17880 17904 17918 17921 17925 17952 17963 17967 17988 17989 17994 18017 18032 18051 18071 18072 18075 18095 18100 18109 18113 18123 18129 18131 18158 18168 18179 18180 18192 18194 18203 18233 18271 18291 18302 18303 18355 18366 18370 18381 18416 18421 18432 18455 18456 18462 18473 18489 18500 18551 18557 18599 18604 18628 18638 18639 18667 18758 18934 19198 19599 19657 21871 21872 
	}
	weather={
	}
}
