
strategic_region={
	id=20
	name="Tavriya"
	provinces={
		74 83 122 124 139 171 476 495 575 590 834 880 898 903 927 934 1017 1026 1150 1207 1239 1366 1409 1483 1487 1513 1554 1616 1797 1858 1919 1976 2025 2067 2217 2269 2313 2344 2376 2386 2440 2473 2505 2530 2605 2697 2707 2786 2861 2913 3007 3015 3116 3184 3188 3229 3272 3294 3492 3555 3567 3601 3638 3707 3766 3800 3808 3947 3984 3997 4005 4175 4204 4218 4240 4453 4454 4554 4567 4574 4679 4712 4734 4766 4895 4917 4973 5182 5207 5269 5287 5487 5501 5571 5631 5663 5879 5886 5890 5972 6248 6269 6298 6327 6399 6411 6497 6573 6632 6654 6711 6730 6855 6873 6874 6892 7294 7319 7362 7511 7518 7584 7696 7702 7832 7930 8021 8026 8052 8062 8140 8165 8211 8261 8593 8663 8757 8828 8965 9261 9282 9383 9384 9422 9445 9448 9527 9626 9636 9734 9781 9823 9902 10020 10035 10107 10109 10299 10316 10369 10422 10437 10458 10584 10619 10631 10734 10772 10854 10858 10895 11067 11183 11293 11305 11378 11682 11831 11937 11972 12112 12134 12204 12314 12417 12546 12571 12740 12741 12823 12843 12910 12911 12933 12976 13012 13014 13093 13201 13203 13229 13400 13401 13536 13576 13577 13615 13653 13659 13753 13889 13897 13910 13942 13979 13994 14052 14126 14129 14231 14413 14575 14582 14649 14665 16864 18394 18429 18448 18467 18488 18515 18537 18550 18559 18564 18593 18612 18616 18634 18643 18645 18650 18656 18662 18698 18725 18726 18733 18734 18736 18741 18748 18757 18769 18774 18775 18781 18788 18806 18807 18819 18825 18826 18834 18852 18853 18859 18862 18872 18887 18900 18903 18905 18911 18927 18932 18935 18937 18942 18952 18965 18973 18977 18981 19005 19012 19033 19038 19040 19048 19053 19068 19072 19081 19091 19099 19100 19103 19105 19106 19113 19116 19117 19130 19136 19157 19160 19161 19165 19172 19175 19192 19197 19203 19216 19230 19231 19240 19242 19255 19256 19273 19301 20306 20307 20309 20311 20313 21762 21876 21892 21893 21894 21896 21898 21899 21901 21903 21909 21910 21911 21912 21913 21914 21915 21916 21917 21918 21919 21920 21921 21922 21923 21924 21925 21937 21938 
	}
	weather={
	}
}
