
strategic_region={
	id=21
	name="Slobozhanshchyna"
	provinces={
		19 72 127 135 136 256 291 292 313 335 341 358 390 464 469 596 617 630 674 688 707 736 741 827 831 852 879 901 913 953 980 1032 1039 1120 1170 1174 1195 1223 1225 1246 1278 1281 1297 1355 1387 1440 1441 1459 1460 1520 1552 1585 1636 1638 1652 1656 1696 1720 1746 1801 1826 1908 1957 1958 2022 2039 2053 2093 2102 2103 2105 2134 2164 2225 2232 2256 2297 2348 2349 2353 2393 2429 2443 2463 2466 2573 2590 2596 2618 2675 2715 2728 2812 2816 2839 2847 2849 2915 2928 2935 2958 3013 3074 3146 3162 3279 3280 3282 3310 3312 3321 3394 3397 3434 3458 3466 3468 3649 3654 3686 3687 3798 3847 3852 3936 3951 3970 3978 3990 4052 4061 4081 4084 4089 4119 4185 4215 4234 4246 4310 4312 4333 4351 4382 4391 4403 4455 4469 4483 4518 4556 4566 4589 4593 4605 4636 4668 4730 4754 4757 4781 4864 4882 4944 4950 5019 5064 5098 5165 5166 5206 5237 5238 5241 5253 5267 5323 5385 5397 5424 5466 5482 5523 5546 5558 5560 5617 5675 5690 5692 5712 5718 5760 5770 5781 5813 5834 5888 5889 5918 5974 6057 6148 6159 6242 6268 6294 6364 6389 6442 6485 6530 6555 6590 6695 6696 6699 6703 6780 6909 6919 6933 6988 7043 7054 7087 7155 7178 7182 7188 7243 7313 7337 7367 7373 7383 7456 7535 7613 7678 7727 7772 7784 7828 7893 7903 7919 7940 7960 7976 8016 8041 8049 8057 8069 8110 8157 8172 8177 8213 8242 8247 8266 8272 8278 8343 8374 8420 8492 8580 8623 8624 8688 8718 8766 8773 8806 8844 8925 8926 8951 8990 8996 9009 9018 9042 9051 9117 9133 9159 9194 9202 9225 9226 9233 9258 9279 9292 9296 9304 9327 9376 9516 9518 9535 9589 9708 9715 9745 9800 9820 9846 9862 9871 9921 9925 10013 10122 10175 10251 10259 10267 10295 10296 10328 10355 10358 10359 10388 10389 10465 10596 10629 10669 10710 10719 10779 10780 10846 10875 10883 10885 10886 10909 11013 11055 11058 11110 11143 11144 11147 11156 11221 11223 11320 11333 11390 11401 11452 11453 11468 11507 11547 11576 11625 11628 11666 11717 11748 11769 11799 11821 11848 11870 11895 11964 12003 12005 12020 12034 12051 12072 12111 12166 12171 12205 12228 12285 12384 12396 12405 12423 12464 12502 12514 12538 12569 12573 12623 12625 12627 12684 12696 12745 12756 12759 12760 12761 12780 12787 12799 12861 12908 12937 13025 13034 13099 13105 13107 13115 13173 13176 13252 13267 13283 13299 13302 13316 13418 13515 13529 13558 13565 13574 13624 13658 13680 13685 13747 13782 13787 13859 13876 13904 13955 13988 14035 14067 14185 14242 14269 14368 14411 14415 14447 14496 14507 14559 14564 14569 14571 14592 14619 14668 15189 15235 15246 15283 15399 16255 16294 16404 16478 16571 16606 16804 16814 16832 16887 16904 16917 16929 16951 16976 16986 16997 17008 17011 17015 17033 17037 17044 17045 17054 17095 17100 17103 17111 17126 17129 17131 17139 17152 17165 17166 17171 17172 17175 17176 17184 17193 17219 17222 17224 17235 17241 17247 17252 17254 17261 17273 17276 17279 17280 17283 17291 17296 17303 17304 17311 17312 17315 17317 17320 17329 17330 17332 17338 17342 17347 17350 17352 17357 17365 17367 17369 17371 17385 17388 17390 17391 17395 17396 17397 17405 17408 17409 17414 17416 17419 17421 17426 17433 17438 17448 17449 17451 17456 17460 17467 17473 17480 17489 17504 17523 17530 17533 17536 17538 17557 17558 17562 17574 17578 17588 17589 17590 17596 17597 17600 17603 17605 17620 17623 17633 17634 17662 17663 17665 17671 17676 17678 17690 17693 17698 17700 17701 17702 17703 17704 17710 17718 17720 17724 17729 17735 17736 17738 17743 17759 17764 17773 17795 17796 17807 17812 17825 17830 17857 17890 17900 17958 18021 19794 20389 20714 21401 21606 21618 21804 21806 21810 
	}
	weather={
	}
}
