
strategic_region={
	id=23
	name="North Caucasian"
	provinces={
		28 33 61 94 145 177 189 191 255 290 362 383 527 549 757 820 825 983 1184 1220 1303 1315 1324 1325 1367 1448 1566 1591 1643 1747 1755 1818 1820 1897 1898 1928 1964 2226 2272 2350 2532 2575 2681 2723 2772 2807 2808 2863 2880 2887 2888 2927 2945 3090 3099 3120 3166 3199 3347 3406 3422 3474 3528 3642 3730 3792 3797 3805 3840 3904 3944 4080 4149 4198 4274 4412 4436 4456 4546 4565 4664 4666 4678 4765 4789 4839 4871 4926 4940 4969 5022 5058 5112 5144 5230 5264 5307 5313 5369 5446 5479 5537 5623 5662 5676 5701 5709 5739 5747 5796 5868 5894 5895 5911 5956 5971 6013 6069 6071 6087 6158 6174 6196 6232 6261 6296 6354 6430 6446 6457 6486 6616 6687 6782 6791 6864 6907 6928 6963 7060 7100 7120 7145 7219 7231 7260 7370 7377 7404 7419 7548 7554 7604 7633 7770 7802 7840 7870 7944 7954 8056 8066 8078 8087 8163 8178 8194 8250 8422 8461 8478 8519 8539 8594 8614 8680 8696 8740 8749 8818 8900 8913 8927 9031 9035 9102 9178 9187 9217 9227 9228 9232 9253 9367 9423 9431 9435 9486 9574 9709 9725 9821 9850 9877 9953 9968 10019 10091 10126 10146 10199 10237 10398 10474 10508 10527 10653 10660 10693 10735 10737 10739 10745 10822 10840 10876 10947 10951 11076 11096 11139 11154 11231 11246 11269 11306 11412 11447 11635 11644 11670 11757 11794 11995 12145 12243 12355 12388 12392 12429 12451 12596 12610 12673 12686 12718 12754 12765 12789 12813 12922 12955 13038 13082 13113 13121 13155 13221 13265 13306 13312 13333 13348 13438 13485 13578 13590 13617 13683 13752 13763 13772 13813 13845 13886 13902 13933 13935 13961 13982 14014 14022 14215 14237 14243 14244 14256 14263 14301 14339 14407 14431 14432 14549 14552 14656 19773 19792 19797 19805 19837 19859 19863 19869 19892 19893 19894 19898 19901 19905 19920 19922 19929 19933 19934 19936 19938 19943 19951 19954 19955 19958 19961 19967 19969 19970 19982 19987 19988 19991 19992 19993 19998 20003 20007 20013 20017 20033 20036 20048 20055 20057 20058 20065 20066 20070 20072 20078 20079 20081 20084 20085 20087 20089 20090 20094 20100 20101 20105 20107 20108 20110 20112 20113 20127 20130 20137 20138 20139 20142 20143 20148 20150 20151 20153 20157 20161 20166 20167 20169 20177 20188 20196 20199 20204 20205 20207 20209 20214 20216 20221 20223 20229 20230 20231 20232 20234 20235 20236 20237 20244 20250 20251 20255 20259 20264 20266 20268 20269 20271 20272 20275 20280 20284 20289 20292 20296 20297 20300 20304 21866 
	}
	weather={
	}
}
