
strategic_region={
	id=26
	name="Azov Sea"
	provinces={
		20323 20324 20334 20337 20343 20344 20357 20362 20369 20390 20392 20393 20402 20416 20424 20425 20435 20438 20440 20450 20456 20458 20461 20475 20482 20485 20498 20502 20504 20506 20508 20509 20513 20514 20516 20521 20522 20523 20525 20529 20536 20539 20540 20544 20567 20568 20575 20597 20598 20605 20619 20626 20627 20636 20645 20650 20657 20660 20662 20666 20669 20681 20685 20686 20701 20706 20711 20712 20715 20729 20731 20748 20749 20763 20765 20766 20767 20768 20770 20776 20786 20790 20794 20815 20818 20824 20833 20835 20841 20851 20852 20873 20883 20886 20894 20896 20903 20906 20924 20939 20941 20953 20962 20964 20982 20983 20989 20992 21000 21009 21016 21017 21023 21025 21027 21029 21030 21032 21049 21050 21054 21056 21057 21060 21061 21064 21067 21079 21080 21082 21087 21098 21105 21109 21110 21122 21124 21125 21130 21147 21152 21153 21163 21177 21191 21201 21205 21211 21212 21213 21214 21219 21231 21238 21244 21255 21264 21265 21266 21268 21269 21272 21286 21299 21309 21325 21336 21352 21353 21357 21359 21360 21363 21366 21368 21371 21374 21376 21377 21382 21386 21391 21392 21393 21398 21410 21413 21418 21419 21500 21502 21503 21504 21505 21506 21507 21508 21509 21510 21511 21512 21513 21514 21516 21518 21519 21520 21521 21523 21525 21526 21528 21529 21531 21533 21534 21535 21536 21543 21545 21546 21547 21552 21553 21558 21560 21563 21564 21565 21568 21569 21577 21578 21583 21584 21586 21587 21588 21592 
	}
	weather={
	}
}
