
strategic_region={
	id=28
	name="Black Sea"
	provinces={
		175 20308 20314 20315 20316 20320 20321 20322 20325 20326 20327 20328 20329 20330 20331 20332 20333 20335 20338 20339 20341 20342 20345 20346 20347 20349 20350 20351 20352 20353 20354 20355 20356 20360 20361 20363 20365 20366 20367 20368 20370 20371 20372 20373 20374 20376 20377 20378 20379 20380 20381 20382 20383 20384 20386 20387 20388 20394 20395 20396 20398 20399 20401 20403 20404 20405 20406 20407 20408 20410 20411 20412 20417 20418 20419 20420 20422 20423 20427 20428 20429 20430 20431 20432 20433 20434 20436 20437 20439 20441 20442 20443 20444 20445 20447 20448 20449 20451 20452 20453 20454 20455 20457 20460 20462 20463 20465 20466 20467 20468 20469 20470 20471 20472 20474 20476 20477 20479 20480 20481 20483 20486 20487 20488 20489 20491 20493 20494 20495 20497 20499 20500 20501 20503 20505 20512 20515 20517 20518 20519 20520 20524 20526 20528 20531 20534 20535 20538 20542 20543 20545 20546 20547 20548 20549 20550 20552 20553 20554 20555 20556 20557 20558 20561 20562 20563 20564 20566 20570 20571 20572 20573 20574 20576 20577 20578 20579 20580 20581 20582 20583 20584 20585 20586 20587 20588 20589 20590 20592 20593 20594 20595 20596 20599 20600 20602 20603 20606 20607 20608 20609 20610 20611 20613 20616 20617 20618 20620 20621 20622 20623 20624 20629 20630 20631 20632 20633 20634 20635 20637 20638 20640 20641 20642 20643 20644 20647 20648 20649 20651 20653 20654 20655 20656 20658 20663 20664 20665 20667 20668 20670 20671 20672 20673 20674 20675 20676 20677 20678 20679 20680 20682 20684 20689 20690 20691 20693 20695 20696 20698 20699 20700 20702 20703 20704 20705 20707 20708 20709 20710 20713 20716 20717 20718 20719 20720 20721 20722 20723 20724 20725 20726 20728 20730 20732 20733 20734 20735 20736 20738 20739 20741 20742 20743 20744 20746 20747 20750 20752 20753 20754 20756 20757 20758 20759 20760 20762 20764 20771 20772 20773 20774 20775 20777 20778 20779 20781 20783 20784 20785 20787 20789 20791 20792 20793 20795 20796 20797 20798 20799 20800 20801 20802 20805 20806 20807 20809 20811 20812 20813 20814 20816 20819 20820 20821 20822 20823 20825 20826 20827 20828 20829 20831 20832 20834 20836 20839 20840 20842 20843 20845 20848 20849 20850 20853 20854 20855 20856 20857 20858 20860 20861 20862 20863 20864 20865 20866 20867 20868 20869 20870 20871 20872 20874 20875 20877 20879 20880 20884 20885 20887 20888 20890 20891 20892 20893 20895 20900 20901 20902 20904 20905 20907 20908 20909 20910 20911 20912 20914 20915 20916 20917 20918 20920 20922 20923 20925 20926 20927 20929 20930 20931 20932 20933 20934 20935 20936 20938 20940 20942 20943 20945 20946 20947 20948 20949 20951 20952 20954 20955 20956 20957 20958 20959 20960 20963 20965 20966 20968 20969 20970 20971 20973 20974 20975 20976 20978 20979 20980 20986 20987 20988 20990 20991 20993 20996 20998 20999 21001 21003 21006 21007 21008 21010 21011 21012 21013 21014 21019 21021 21022 21024 21026 21031 21033 21035 21036 21037 21038 21039 21041 21042 21043 21044 21047 21048 21051 21058 21059 21062 21063 21065 21068 21069 21070 21071 21072 21073 21074 21076 21078 21081 21083 21084 21085 21088 21090 21091 21092 21094 21096 21097 21099 21101 21102 21103 21108 21111 21112 21114 21115 21116 21117 21120 21123 21126 21127 21128 21131 21132 21133 21134 21135 21137 21138 21139 21140 21141 21142 21143 21144 21145 21146 21148 21149 21150 21154 21156 21160 21161 21164 21165 21167 21169 21170 21171 21173 21178 21179 21180 21181 21182 21183 21185 21187 21188 21189 21192 21193 21194 21195 21196 21198 21199 21202 21203 21204 21206 21209 21216 21218 21220 21221 21223 21224 21225 21229 21230 21232 21233 21234 21235 21236 21237 21239 21241 21242 21243 21245 21246 21247 21249 21250 21251 21252 21254 21256 21258 21259 21260 21261 21267 21270 21271 21273 21274 21275 21276 21278 21281 21282 21287 21291 21292 21293 21294 21296 21297 21300 21301 21302 21304 21305 21306 21307 21312 21313 21314 21315 21316 21317 21318 21322 21323 21324 21327 21328 21330 21331 21332 21333 21334 21335 21337 21339 21340 21341 21342 21345 21346 21347 21356 21358 21361 21362 21364 21365 21370 21372 21380 21381 21384 21385 21387 21388 21389 21390 21394 21395 21396 21399 21400 21402 21403 21405 21407 21408 21409 21412 21414 21415 21416 21420 21421 21422 21423 21524 21532 21537 21538 21540 21541 21542 21544 21548 21554 21555 21556 21557 21559 21561 21562 21566 21567 21570 21571 21572 21573 21574 21575 21576 21579 21580 21581 21582 21585 21589 21591 21593 21594 21596 21597 21598 21599 21600 21601 21602 21603 21604 21605 21607 21608 21609 21610 21611 21612 21613 21614 21615 21616 21617 21619 21620 21621 21622 21623 21624 21625 21626 21627 21628 21629 21630 21631 21632 21633 21634 21635 21636 21637 21638 21639 21640 21641 21642 21643 21644 21645 21646 21647 21648 21649 21650 21651 21652 21653 21654 21655 21656 21657 21658 21659 21660 21661 21662 21663 21664 21665 21666 21667 21668 21669 21670 21671 21672 21673 21674 21675 21676 21677 21678 21679 21680 21681 21682 21683 21684 21685 21686 21687 21688 21689 21690 21691 21692 21693 21694 21695 21696 21697 21698 21699 21700 21701 21702 21703 21704 21705 21706 21707 21708 21709 21710 21711 21712 21713 21714 21715 21716 21717 21718 21719 21720 21721 21722 21723 21724 21725 21726 21727 21728 21729 21730 21731 21732 21733 21734 21735 21736 21737 21738 21739 21740 21741 21742 21743 21744 21745 21746 21747 21748 21749 21750 21751 21873 
	}
	weather={
	}
}
