
strategic_region={
	id=32
	name="Dniepro River"
	provinces={
		7608 13175 14728 15602 20340 20375 20391 20400 20409 20446 20484 20510 20532 20537 20612 20628 20639 20683 20737 20745 20755 20769 20846 20859 20881 20899 20919 20977 20981 20997 21002 21004 21045 21055 21118 21151 21158 21159 21162 21172 21190 21197 21228 21257 21277 21280 21303 21310 21329 21348 21349 21350 21354 21373 21379 21467 21470 21471 21472 21473 21474 21475 21478 21479 21483 21494 21496 21497 21498 21499 21501 21515 21517 21522 21527 21530 21815 21897 21900 21902 21904 21939 21940 
	}
	weather={
	}
}
