
strategic_region={
	id=33
	name="Prychornomor'ya"
	provinces={
		12 27 36 104 114 178 258 328 361 363 393 395 444 446 462 572 581 587 663 684 763 815 941 997 1020 1061 1066 1079 1102 1105 1212 1286 1319 1369 1397 1478 1519 1536 1550 1580 1612 1622 1623 1672 1675 1712 1796 1859 1893 1946 1987 1988 2032 2075 2094 2162 2201 2204 2311 2454 2460 2490 2571 2638 2648 2655 2665 2739 2752 2845 2881 2920 3049 3060 3084 3087 3130 3152 3156 3226 3274 3311 3314 3351 3383 3403 3455 3533 3586 3604 3645 3683 3732 3772 3793 3809 3826 3883 3891 3894 3896 3933 3962 4007 4016 4057 4123 4142 4262 4172 4275 4298 4353 4418 4420 4446 4473 4510 4520 4521 4561 4640 4776 4786 4788 4840 4862 5033 5066 5094 5097 5105 5124 5198 5205 5224 5318 5439 5461 5516 5568 5594 5606 5635 5637 5736 5830 5877 5926 5981 6037 6055 6131 6152 6153 6191 6198 6444 6596 6624 6707 6717 6796 6806 6828 6839 6948 6952 6986 7003 7067 7158 7162 7186 7387 7388 7422 7512 7572 7615 7656 7662 7714 7764 7790 7862 7937 8033 8095 8166 8216 8258 8331 8352 8375 8392 8425 8438 8530 8557 8585 8653 8670 8706 8719 8736 8781 8847 8982 9100 9070 9085 9108 9120 9124 9175 9245 9290 9420 9558 9666 9741 9757 9762 9769 9782 9792 9796 9832 9906 9913 9973 9991 10029 10187 10362 10406 10456 10569 10576 10581 10652 10720 10724 10800 10802 10807 10830 10841 10860 10865 10894 10924 10960 11016 11030 11040 11069 11114 11126 11331 11480 11495 11499 11529 11602 11687 11714 11827 11835 11849 11869 11947 11959 11979 12063 12117 12128 12161 12165 12227 12238 12291 12303 12309 12318 12339 12376 12390 12425 12434 12515 12540 12542 12601 12624 12650 12690 12738 12750 12758 12778 12794 12802 12873 12944 12962 12984 12992 13040 13046 13091 13153 13159 13211 13217 13233 13256 13288 13430 13433 13445 13450 13533 13535 13563 13591 13607 13633 13663 13681 13709 13713 13734 13737 13738 13744 13869 13905 13951 13993 13995 13998 14005 14039 14040 14101 14107 14119 14216 14262 14279 14384 14437 14443 14486 14531 14535 14579 14584 14594 14729 14746 14760 14761 14782 14857 16763 18290 18295 18321 18339 18347 18350 18363 18364 18368 18384 18400 18410 18424 18437 18468 18469 18476 18482 18496 18499 18503 18513 18520 18527 18546 18547 18549 18554 18555 18587 18595 18596 18606 18607 18622 18625 18627 18637 18648 18653 18661 18665 18670 18673 18674 18678 18683 18691 18702 18712 18722 18723 18744 18746 18747 18767 18779 18780 18787 18789 18801 18802 18805 18818 18830 18833 18844 18847 18849 18856 18858 18876 18883 18899 18918 18951 18957 18974 18988 19000 19011 19025 19042 19049 19073 19078 19093 19111 19179 19182 19201 19202 19212 19215 19229 19239 19257 19258 19271 19272 19292 19298 19299 19303 19333 19347 19370 19388 19389 19390 19397 19411 19416 19436 19455 19476 19480 19491 19492 19496 19497 19513 19515 19547 19556 19559 19596 19611 19648 20249 20281 20312 20317 20319 21168 21397 21539 21549 21550 21766 21826 21828 21829 21847 21849 21852 21895 21926 21927 21928 21929 21930 21931 21932 21933 21934 21935 21936 
	}
	weather={
	}
}
