
strategic_region={
	id=34
	name="Zaporizhchyna"
	provinces={
		6 42 67 100 286 294 295 331 404 443 734 739 744 754 755 793 860 990 1045 1048 1076 1081 1091 1153 1294 1298 1464 1635 1679 1722 1727 1774 1896 1916 2048 2070 2118 2126 2131 2274 2279 2290 2305 2318 2364 2398 2412 2468 2484 2533 2598 2602 2725 2785 2810 2835 2836 2862 2872 2893 2910 2923 3054 3295 3296 3333 3337 3366 3378 3430 3478 3491 3509 3556 3585 3602 3627 3657 3674 3717 3769 3813 3854 3927 3969 3987 4139 4167 4191 4197 4203 4206 4268 4299 4328 4348 4354 4360 4529 4541 4577 4635 4687 4706 4797 4802 4846 4851 4866 4870 4934 4964 4970 4981 4986 4992 5001 5063 5069 5099 5103 5107 5193 5201 5210 5213 5302 5322 5322 5329 5353 5361 5413 5414 5459 5468 5477 5478 5485 5519 5539 5584 5584 5643 5668 5706 5748 5767 5861 5924 5933 5967 5967 5976 5990 6016 6083 6109 6121 6170 6172 6227 6259 6374 6460 6473 6580 6617 6627 6666 6744 6768 6776 6778 6821 6863 6865 6914 6987 6994 6995 7058 7127 7153 7185 7220 7237 7264 7265 7315 7336 7340 7358 7414 7434 7459 7488 7523 7577 7598 7599 7625 7677 7706 7719 7723 7726 7753 7775 7877 7921 7972 8009 8047 8081 8117 8119 8199 8240 8330 8390 8412 8436 8587 8702 8750 8790 8889 8892 9055 9153 9156 9161 9241 9244 9280 9284 9319 9440 9470 9472 9475 9500 9522 9665 9680 9685 9833 9867 9995 10036 10049 10059 10065 10145 10155 10201 10263 10271 10287 10333 10353 10363 10391 10463 10469 10470 10480 10551 10610 10614 10697 10738 10756 10795 10892 10966 10998 11004 11079 11150 11186 11229 11242 11259 11281 11310 11311 11405 11411 11444 11455 11475 11532 11549 11611 11696 11698 11741 11802 11829 11891 11971 12006 12053 12059 12062 12102 12158 12162 12200 12225 12237 12310 12329 12356 12397 12421 12455 12493 12511 12528 12634 12666 12671 12730 12788 12838 12842 12902 12934 12967 12985 13047 13096 13189 13220 13319 13320 13321 13375 13389 13396 13431 13454 13510 13511 13557 13564 13580 13604 13701 13797 13824 13892 14028 14096 14151 14156 14236 14268 14275 14276 14287 14318 14320 14350 14360 14400 14412 14453 14459 14461 14503 14509 14513 14519 14527 14537 14537 14637 14678 14727 14783 14794 14803 14812 14815 14822 14827 14843 14844 14875 14905 14917 14918 14924 14929 14986 15001 15006 15047 15063 15153 15180 15204 15344 15398 15459 15467 15495 15509 15534 15568 15598 17827 17834 17851 17869 17884 17898 17909 17927 17929 17938 17944 17945 17946 17956 17957 17971 17979 17992 17993 18001 18003 18005 18008 18009 18010 18028 18034 18038 18046 18056 18065 18066 18069 18084 18085 18088 18094 18097 18101 18103 18106 18125 18126 18128 18133 18140 18146 18148 18152 18157 18161 18184 18188 18191 18200 18201 18202 18205 18209 18214 18215 18221 18222 18229 18230 18232 18247 18266 18283 18293 18296 18299 18306 18307 18312 18326 18327 18329 18335 18340 18341 18344 18349 18351 18357 18360 18365 18369 18377 18387 18390 18393 18398 18403 18413 18425 18430 18431 18446 18447 18504 18509 18514 18521 18526 18529 18541 18556 18563 18572 21820 21823 21905 21906 21907 21908 
	}
	weather={
	}
}
