
strategic_region={
	id=35
	name="Podillya"
	provinces={
		95 130 185 228 260 284 372 416 429 478 513 524 562 588 591 669 747 822 964 1068 1113 1133 1186 1295 1417 1500 1565 1620 1624 1661 1717 1844 1934 1961 2002 2078 2170 2183 2240 2262 2273 2291 2338 2352 2375 2424 2436 2450 2491 2637 2656 2695 2837 2846 2922 2939 2965 3029 3044 3050 3056 3072 3165 3240 3259 3291 3388 3396 3445 3493 3522 3564 3565 3582 3612 3659 3720 3747 3782 3895 3905 3979 4087 4267 4327 4357 4429 4432 4441 4505 4508 4586 4626 4654 4663 4841 4857 4874 4879 4900 5073 5085 5090 5129 5137 5250 5275 5282 5305 5406 5462 5535 5682 5685 5691 5720 5741 5744 5791 5795 5856 5955 5964 5994 6115 6142 6173 6183 6244 6260 6302 6308 6367 6386 6395 6408 6476 6504 6505 6518 6561 6588 6613 6652 6747 6750 6754 6792 6940 7029 7040 7059 7214 7253 7259 7276 7290 7308 7360 7521 7557 7582 7621 7709 7722 7785 7788 7826 7913 7934 7945 7970 7999 8018 8019 8039 8104 8219 8267 8314 8323 8347 8551 8603 8684 8710 8764 8791 8842 8848 8888 8918 8919 8940 8954 8989 9040 9063 9084 9160 9162 9235 9252 9268 9288 9306 9323 9342 9358 9366 9455 9494 9507 9652 9703 9737 9738 10054 10088 10127 10132 10152 10230 10262 10276 10280 10290 10350 10365 10377 10380 10392 10429 10433 10457 10552 10647 10674 10707 10715 10746 10748 10782 10835 10980 10999 11068 11084 11169 11267 11321 11410 11420 11424 11442 11534 11564 11607 11651 11756 11793 11810 11844 11846 11886 11897 11936 12061 12109 12118 12123 12129 12211 12215 12249 12257 12263 12293 12300 12319 12351 12358 12432 12483 12576 12762 12811 12818 12834 12840 12844 12871 12928 12929 12945 12956 12960 12972 13021 13024 13039 13066 13196 13241 13322 13345 13347 13390 13408 13420 13423 13436 13460 13468 13469 13513 13582 13599 13619 13652 13654 13710 13723 13779 13816 13840 13909 13972 14068 14125 14191 14247 14345 14450 14483 14522 14625 17488 17502 17508 17514 17529 17542 17556 17566 17569 17594 17604 17610 17611 17612 17632 17650 17652 17656 17660 17670 17680 17682 17688 17689 17696 17707 17717 17719 17731 17732 17737 17742 17747 17748 17763 17767 17777 17783 17784 17792 17794 17800 17804 17805 17810 17811 17820 17837 17838 17839 17840 17853 17855 17861 17865 17873 17879 17881 17885 17888 17894 17907 17916 17920 17923 17924 17936 17937 17941 17943 17948 17960 17961 17962 17966 17970 17975 17976 17977 17982 17997 17998 18000 18002 18006 18007 18014 18015 18016 18022 18040 18042 18044 18045 18054 18055 18059 18063 18076 18079 18083 18090 18091 18096 18112 18117 18119 18120 18122 18141 18145 18151 18155 18156 18160 18167 18173 18174 18185 18187 18190 18204 18213 18226 18228 18240 18257 18261 18263 18275 18280 18286 18287 18289 21759 21814 21816 
	}
	weather={
	}
}
