
strategic_region={
	id=37
	name="Volyn'"
	provinces={
		1 35 71 115 253 367 384 392 403 493 605 764 858 890 955 981 1100 1124 1147 1149 1244 1332 1433 1531 1617 1647 1677 1687 1690 1715 1808 1940 2038 2046 2107 2145 2245 2322 2355 2390 2439 2507 2522 2527 2546 2750 2755 2894 2909 3100 3109 3125 3179 3191 3223 3232 3252 3262 3313 3316 3320 3448 3665 3744 3799 3886 3897 3901 3903 4058 4176 4186 4270 4538 4604 4675 4707 4916 4923 4938 4951 5146 5154 5180 5276 5360 5419 5455 5531 5616 5634 5656 5657 5719 5855 5892 5899 5914 5921 5936 5937 6081 6256 6275 6310 6417 6421 6437 6548 6575 6720 6731 6808 6880 6896 6912 6950 7026 7111 7131 7134 7175 7183 7195 7405 7413 7448 7458 7529 7564 7589 7643 7752 7909 7947 7997 8083 8186 8260 8280 8282 8326 8373 8388 8450 8468 8531 8576 8596 8698 8727 8771 8856 8869 9001 9021 9057 9078 9259 9293 9390 9477 9482 9571 9599 9672 9677 9873 9932 10000 10026 10045 10074 10117 10270 10279 10331 10339 10395 10705 10933 10983 11053 11072 11077 11181 11239 11279 11280 11302 11315 11389 11433 11457 11473 11528 11557 11740 11744 11797 11877 11878 12126 12175 12262 12271 12365 12413 12487 12490 12526 12531 12656 12693 12743 12868 12916 12969 12973 13194 13244 13250 13416 13517 13592 13634 13712 13726 13746 13801 13820 13842 13900 14122 14128 14171 14176 14186 14245 14274 14308 14311 14398 14489 14553 14598 14669 14675 16430 16435 16451 16471 16490 16507 16526 16541 16546 16548 16555 16559 16575 16582 16583 16594 16613 16615 16625 16634 16635 16644 16652 16661 16681 16685 16692 16716 16719 16727 16736 16741 16765 16766 16778 16794 16803 16810 16819 16831 16834 16847 16855 16862 16866 16882 16886 16895 16899 16912 16922 16939 16958 16959 16977 16989 16999 17000 17007 17009 17022 17064 17081 17084 17089 17102 17125 17143 17149 17154 17159 17179 17205 17206 17228 17240 17251 17265 17298 17335 17340 17377 17400 17403 21799 21803 
	}
	weather={
	}
}
