
strategic_region={
	id=5
	name="Moldova"
	provinces={
		340 640 749 826 954 1009 1013 1034 1052 1169 1313 1354 1457 1553 1669 1711 2247 2418 2661 2764 2770 2864 2890 2900 2984 2992 3230 3235 3315 3352 3463 3569 3573 3631 3812 3929 4079 4216 4217 4241 4311 4325 4557 4803 4844 4958 5122 5225 5402 5569 5755 5966 5996 6025 6028 6433 6546 6559 6656 6690 6817 6924 6968 7151 7311 7354 7384 7469 7479 7499 7597 7645 7688 7732 7796 7964 7994 8037 8120 8129 8169 8364 8391 8430 8460 8665 8679 8870 8943 9008 9091 9201 9230 9572 9577 9683 9920 9983 10062 10124 10153 10162 10171 10347 10407 10432 10670 10700 10708 10759 10985 10989 10992 11047 11048 11209 11304 11362 11491 11708 11719 11997 12147 12220 12253 12301 12418 12533 12547 12590 12594 12691 12876 13130 13149 13186 13195 13258 13335 13372 13463 13478 13491 13639 13839 13927 14004 14091 14095 14148 14240 14405 14465 14560 14577 14596 18169 18181 18193 18216 18260 18273 18279 18301 18310 18325 18332 18352 18397 18427 18445 18466 18481 18486 18502 18506 18533 18540 18568 18603 18621 18666 18690 18701 18731 18766 18792 18793 18794 18843 18846 18892 18917 18923 18970 18971 18972 19004 19010 19013 19071 19102 19104 19124 19133 19144 19151 19196 19291 19311 19340 19422 19430 21824 21845 
	}
	weather={
	}
}
