
strategic_region={
	id=7
	name="Crimea"
	provinces={
		44 204 298 437 463 545 550 610 765 821 863 1096 1309 1544 1881 1910 1960 2043 2050 2143 2151 2198 2409 2537 2576 2671 2856 3012 3157 3189 3342 3363 3381 3512 3546 3553 3727 3924 3994 4021 4030 4048 4049 4162 4380 4758 4848 4896 4937 5086 5104 5138 5167 5228 5298 5534 5570 5579 5611 5743 5835 5884 5960 5979 6206 6258 6342 6487 6535 6719 6722 6889 6946 6973 7109 7156 7166 7258 7275 7342 7455 7467 7540 7594 7646 7672 7869 8149 8490 8510 8633 8643 8649 8742 8877 8946 9069 9143 9309 9388 9549 9643 9732 9763 9825 10012 10102 10200 10219 10453 10533 10579 10852 10863 10937 10968 10994 11034 11497 11715 11768 11941 12092 12369 12406 12687 12752 12851 13084 13143 13247 13248 13313 13503 13505 13547 13571 13584 13809 14092 14162 14193 14220 14277 14285 14491 14635 14681 18484 19260 19320 19334 19344 19371 19381 19391 19432 19444 19468 19481 19498 19501 19508 19518 19520 19524 19544 19545 19548 19549 19563 19575 19576 19585 19587 19591 19603 19612 19616 19621 19623 19630 19631 19634 19636 19637 19651 19669 19673 19682 19684 19693 19694 19710 19724 19725 19726 19752 19764 19777 19781 19813 19820 19831 19848 19867 19885 19900 19903 19939 19985 20034 20152 21761 21840 21841 21842 21843 21854 21855 21860 21861 21874 21875 21877 21878 21879 21880 21881 21882 21883 21884 21885 21886 21887 21888 21889 21890 21891 
	}
	weather={
	}
}
