
strategic_region={
	id=9
	name="Hungary"
	provinces={
		21 131 249 274 277 287 318 346 369 439 466 512 615 704 850 872 895 900 902 945 984 994 1030 1075 1095 1114 1194 1211 1257 1317 1394 1426 1444 1445 1455 1506 1593 1609 1664 1703 1726 1729 1832 1837 1861 1930 1989 1990 1992 2001 2031 2104 2112 2124 2175 2177 2229 2304 2306 2416 2433 2459 2464 2472 2554 2583 2612 2621 2635 2703 2721 2742 2751 2795 2823 2926 2955 3035 3067 3091 3163 3190 3298 3319 3339 3362 3370 3382 3389 3540 3543 3544 3562 3633 3710 3734 3787 3804 3816 4009 4029 4036 4065 4078 4096 4140 4201 4237 4247 4296 4307 4332 4356 4358 4389 4462 4489 4496 4527 4569 4625 4629 4646 4658 4667 4683 4751 4756 4769 4799 4808 4889 4890 4974 5020 5056 5092 5121 5183 5290 5296 5415 5433 5440 5450 5503 5598 5603 5658 5661 5671 5696 5738 5765 5810 5842 5864 5866 5873 5997 6119 6120 6126 6214 6226 6278 6284 6297 6361 6431 6458 6532 6539 6600 6611 6630 6737 6803 6883 6897 6898 6916 6931 6954 6997 7004 7010 7027 7037 7077 7080 7161 7196 7271 7325 7415 7473 7496 7527 7533 7580 7593 7654 7663 7694 7717 7749 7751 7786 7838 7868 7876 7896 7902 7925 7995 8025 8051 8089 8092 8097 8161 8184 8197 8200 8221 8271 8455 8509 8550 8568 8618 8700 8811 8830 8864 8966 8976 8992 9073 9104 9145 9146 9173 9179 9186 9267 9283 9285 9332 9341 9344 9345 9359 9364 9381 9468 9514 9550 9586 9591 9592 9606 9615 9624 9653 9655 9658 9671 9692 9767 9828 9847 9851 9859 9885 9908 9938 10027 10060 10079 10087 10188 10196 10197 10220 10222 10254 10255 10277 10282 10288 10442 10488 10503 10539 10560 10601 10616 10683 10699 10714 10741 10773 10776 10831 10902 10911 10912 10940 10948 10965 11008 11107 11133 11135 11161 11168 11191 11226 11258 11262 11274 11289 11344 11388 11393 11394 11396 11463 11484 11571 11573 11579 11586 11640 11655 11667 11732 11735 11765 11780 11876 11916 12107 12130 12138 12143 12170 12173 12201 12213 12216 12226 12333 12420 12489 12521 12747 12755 12769 12826 12828 12881 12936 12950 12963 12988 12990 12998 13087 13090 13172 13199 13261 13330 13380 13410 13419 13449 13464 13621 13628 13643 13646 13668 13674 13711 13730 13759 13810 13826 13847 13931 13957 13976 14033 14055 14058 14109 14123 14136 14152 14217 14234 14286 14359 14370 14399 14434 14454 14487 14555 14586 14595 14604 17974 17985 17986 18026 18030 18039 18048 18057 18068 18073 18089 18104 18105 18107 18108 18110 18115 18124 18138 18139 18144 18153 18159 18163 18176 18177 18182 18183 18189 18195 18198 18207 18208 18211 18218 18220 18223 18238 18241 18244 18252 18253 18262 18264 18269 18270 18274 18277 18278 18282 18294 18297 18300 18305 18311 18315 18316 18323 18328 18331 18338 18346 18348 18354 18358 18367 18372 18376 18378 18379 18383 18385 18407 18408 18412 18419 18435 18436 18438 18457 18460 18464 18465 18479 18480 18483 18498 18505 18510 18511 18516 18517 18518 18531 18532 18542 18552 18561 18562 18566 18582 18590 18610 18617 18618 18629 18630 18642 18644 18651 18657 18664 18668 18672 18689 18696 18697 18699 18706 18716 18729 18735 18739 18742 18745 18751 18752 18756 18760 18765 18770 18771 18796 18828 18839 18840 18841 18855 18868 18884 18894 18898 18910 18913 18914 18921 18928 18930 18946 18956 18966 18975 18985 18992 18996 18999 19002 19003 19024 19034 19037 19039 19047 19056 19082 19087 20492 20646 21495 21819 
	}
	weather={
	}
}
