5 65 3667 3753 8275 14869 528 2627 1584 6218 3736 15184 15226 15278 15323 13137 8692 5483 15507 12994 2189 8819 3723 15770 12852 15817 4414 4665 14235 6738 7174 9956 5128 16232 6393 7731 10684 4082 12786 4996 12453 16547 480 7865 12103 16683 5707 16798 12563 8559 9923 16913 2216 10929 7184 17093 9106 8804 7595 12476 7981 19036 12270 18995 5162 13279 8800 
5 39 6977 15485 12697 15536 2076 2577 8747 13800 8256 4947 12579 12557 3855 10904 10792 6787 10417 846 4375 7715 15811 1093 5975 15814 3172 12281 2921 8489 3721 4379 15800 12108 971 8535 4494 5826 8472 7961 15817 
5 39 19093 12515 5066 9796 10362 2490 6986 2655 13040 14005 11499 2162 1672 18339 185 9063 2491 12956 5073 3056 1417 2375 2273 8104 6292 17637 17587 6067 17493 17455 17356 3309 18614 18477 18626 5365 8013 6402 6236 
5 22 16120 1427 6132 4806 3497 4946 11122 8885 13106 8486 16646 7270 607 16773 12296 5949 16915 16962 6012 17063 9585 6427 
5 3 3305 14907 3667 
5 12 6164 17713 11413 10284 8205 3513 443 17909 11611 4529 11507 13099 
5 21 67 14917 7921 9475 5107 7719 3769 1153 11259 11741 7153 10201 18028 12421 13173 17900 12908 10719 17857 13099 6389 
5 13 11741 11829 7972 18065 6227 7414 2484 1727 7877 17993 10145 11507 7775 
5 21 6164 10732 5334 17506 8170 10505 2184 17394 9501 10990 11417 6425 4847 8973 3010 19131 6236 6402 19023 21946 21945 
5 14 6470 718 2125 3416 18748 18769 7696 3188 9626 880 18645 2786 5207 4554 
5 5 11305 590 11183 18741 4554 
5 17 11305 4973 5182 12546 2913 11972 10035 19161 19197 19157 7362 14231 19203 1017 1797 765 12406 
5 77 155 8061 18428 12099 18319 8218 18250 5504 1766 12979 12203 7490 17895 8642 14557 12965 4459 17552 357 6861 6753 13941 5681 8935 10664 8100 1277 12884 593 9027 10630 1619 12854 11000 16720 14218 8479 836 9910 16458 16411 9000 16321 4442 9278 6463 888 16089 7071 10526 16011 6382 735 12043 2553 14647 14652 7558 2999 12685 5032 10482 15421 11855 15343 683 13822 13794 9458 1761 8043 15015 2747 12408 14861 1004 3753 
5 8 1289 18031 12203 8786 13989 9597 12187 17963 
5 3 17919 17918 17963 
5 18 14844 7264 7488 18377 8790 18360 3657 14268 2785 10551 860 2876 9774 1737 8482 18271 2119 18233 
5 14 10551 18222 10049 2836 5099 13320 14275 11549 18103 14924 2468 4846 11281 15047 
5 16 67 15006 6121 1048 10155 18214 2893 4348 14843 8240 14905 14727 8081 14875 18398 14844 
5 14 2118 18365 18349 18307 6776 14350 10480 10059 4139 18191 15153 18133 14513 67 
5 25 2201 19093 10720 4520 6153 12318 1675 6828 4298 14384 18744 4786 18674 5606 18637 10581 18607 1020 12542 18482 1988 18499 10738 12062 2118 
5 4 9991 4057 8781 4786 
5 51 2928 1656 11848 5424 7828 12623 14559 8172 9516 2022 10328 17303 8110 3686 5241 3687 2039 11147 8996 17367 10886 17342 5466 13515 17350 12423 10780 1441 3970 17352 12745 17311 11625 20782 17195 13673 1402 14609 17232 17221 2557 18405 785 1758 13351 17256 3917 3306 13930 8958 21941 
5 20 5013 9393 17281 12996 2019 3954 17313 4233 183 459 119 14336 17275 17258 8716 6710 6336 4656 7048 6427 
5 13 3989 7600 1867 6633 17788 8760 10256 8629 4528 17490 1748 14257 5013 
5 15 3989 14372 1350 13057 4832 8044 13227 417 2239 14136 2742 18277 3190 18294 18346 
5 4 17959 4071 9103 7198 
5 35 16120 16067 16052 16015 4374 1666 13870 652 2947 3729 9993 12642 15692 15638 5352 3810 5973 1807 1177 15360 7691 14562 6235 5126 15193 4019 1857 5441 15187 12047 2951 5814 15118 502 13385 
5 5 9834 15028 15125 5441 1546 
5 11 9834 10134 9490 14879 14911 13383 4500 14589 8300 15036 13385 
5 16 13385 15122 14568 11721 10640 3843 1868 15306 4314 13065 4680 14042 12412 6655 8562 6977 
5 55 6922 12141 5195 12739 8320 17432 1547 2617 2853 13597 13600 2159 4910 10761 1130 8314 12762 4626 10782 17400 7752 14598 14186 14669 10178 14456 7780 14356 17289 11968 7942 12801 10070 10472 6522 9815 6220 2323 10821 5838 3391 1905 18586 4767 12942 18584 12229 6402 11706 3010 19131 6236 21941 13279 2805 
5 10 6922 17364 17314 10871 5823 14501 6824 17375 5930 14288 
5 23 16120 7559 2690 4647 9398 12049 13827 892 2555 13441 16619 6712 5984 7248 14001 11352 9378 2779 2937 9950 14565 4243 14288 
5 12 7780 11192 490 109 17085 7132 14295 11969 7005 609 8938 8639 
5 25 6977 6615 12853 10723 11842 8360 7793 15843 2515 9074 5881 10781 146 11755 7302 4796 16308 9150 13183 16437 16503 12441 8513 2787 8639 
5 20 19747 4602 19765 9140 13786 19789 3399 3258 10434 4405 19918 6270 19978 11567 10320 20020 3589 13569 14605 11108 
5 51 9000 4715 13005 4872 1041 4880 7430 12708 4060 10550 2877 16801 10042 16849 5874 16877 4622 14639 16966 11920 5208 17057 17067 17091 11514 1431 17144 17133 2942 12804 2482 14648 10861 2854 8411 3959 2614 17286 10315 12475 4547 14214 7616 1249 8825 17571 5444 17646 4322 17544 1118 
5 22 14194 9007 16919 9270 11847 16761 2763 11299 10424 10385 13959 7680 6845 1280 16300 4922 7057 12932 8118 12688 1205 10770 
5 13 14194 6190 9719 8990 953 17254 7678 7828 14368 12861 901 15189 2675 
5 21 10770 9710 15794 4072 14466 1458 15583 849 14323 9979 6597 15339 15302 15262 307 1218 4146 6844 14946 9650 14869 
5 55 8275 7287 13872 2380 3141 7439 14832 14830 13546 2255 12239 8583 5336 3185 10506 8168 15012 2685 15027 648 15064 829 9401 15099 584 15095 1569 13334 15107 10361 15156 9554 6976 13350 9716 15167 9442 13239 6665 7352 13103 3915 9581 6124 1176 12580 14289 4070 15367 2694 15411 13297 9144 356 15485 
5 11 17963 5649 2851 4868 11207 6860 18131 2006 9139 18194 18233 
5 3 7791 18632 155 
5 7 14018 808 14210 1078 8814 2548 155 
5 22 10820 2420 19572 12681 7708 1267 19552 12536 7620 10602 7567 2599 9496 10794 12377 19477 606 19494 4323 944 9758 8027 
5 16 10994 5167 13248 5298 21890 19820 21887 19867 1309 21879 4048 19903 21878 21877 21882 19900 
5 26 19924 19959 3771 7266 6708 11656 19999 12315 20010 1287 20053 6080 20067 13732 1558 13512 20059 20073 3178 11093 20117 2052 10973 5800 20252 5163 
5 52 5163 12562 8595 20247 12260 12022 9011 4433 12975 20270 7890 20277 874 14427 9718 7887 20283 20265 9425 8356 5905 2843 14149 20278 3739 6591 10151 20279 8206 20254 20267 3137 4256 11621 634 387 20243 2683 9211 5286 3972 20095 3871 20052 3762 10289 7228 19917 6862 19866 8467 19817 
5 12 10043 174 1248 12131 9493 17981 4125 14394 17902 17878 17845 4742 
5 9 17577 11101 4106 13437 10888 12045 17908 12659 17981 
4 11 12455 3987 18201 18240 11846 8436 10841 11979 13591 18549 8982 
5 10 12455 14096 7726 3509 12329 7434 18306 18327 4797 2118 
5 21 2675 5675 17533 4469 1246 6485 17720 17764 13025 5459 2910 744 18034 15344 1896 15063 6016 15047 1298 14929 67 
5 39 19924 11701 3655 19847 10691 13881 26 13939 19705 283 4255 8473 11643 19628 19633 8589 11185 415 12227 10865 8670 19611 11602 19559 3894 19513 19492 6191 2845 4142 9762 7186 13734 19390 6152 11495 5097 19202 2201 
5 19 13855 13648 12381 12835 14607 10982 14567 2181 6060 272 19931 11511 14381 9432 7301 280 13707 9176 19895 
5 20 13855 12083 5363 11505 10633 11570 14200 8370 19989 3142 20060 9333 7380 12614 2917 833 646 20257 9339 12176 
5 13 3142 20015 3834 7446 1271 20116 7911 8928 3502 4344 4662 12042 9234 
5 7 9234 10343 7165 13960 20238 10366 5163 
5 6 841 10867 19506 7501 5646 13855 
5 21 18346 18376 277 7415 7037 12950 2823 12828 18697 9591 4496 12489 2612 7077 19098 4792 1259 13210 907 8553 841 
5 38 13855 9147 3802 19679 10374 7055 5583 5821 19751 9776 2883 7361 3169 5100 14003 8807 8457 956 5021 11685 19807 19818 6432 9020 1965 7224 13635 10028 14362 5510 6501 1074 7938 19896 19916 1790 19910 19924 
5 18 2868 11643 19566 7008 14393 11213 4309 11423 3011 10513 2379 8139 6133 18976 6760 4224 11970 18768 
5 27 16120 1376 12449 11657 1219 740 6358 15841 14316 15759 6851 7286 9316 5742 7698 11142 15382 15346 2188 15240 3560 1470 2235 631 8017 8403 14877 
5 22 15893 3193 9166 15888 4811 3075 15903 5295 12495 599 13507 3111 4315 11430 1828 2122 14624 7140 11025 3402 9375 1219 
5 20 7048 7348 17107 12900 912 12067 2704 16955 3621 514 1260 13053 9033 11973 1368 1571 12174 17034 2005 1254 
5 10 1567 2014 6333 638 5254 11961 11234 2933 16209 6132 
5 14 7084 2188 9706 7474 9801 15154 1474 2480 12866 15105 8421 11316 4542 14907 
5 28 12631 16268 16258 13649 16161 9688 5988 2608 16068 4040 9542 1255 15950 13158 7498 5673 8824 15786 4497 15760 5803 15714 7472 15621 9386 15599 3480 8562 
5 18 16120 3636 16095 7926 12401 8225 16202 16191 11129 16148 16177 4703 16227 4126 138 12151 3201 12631 
5 8 9000 8291 4039 16457 16499 2087 16589 8479 
5 11 16089 4064 14267 7912 16017 6249 6147 13182 16010 2778 16017 
5 9 14732 10308 13692 3667 14714 14748 876 14753 3876 
5 2 14755 10308 
5 15 5120 14230 1305 14996 14974 14934 10836 13946 12312 773 2543 8709 14754 1549 3876 
5 25 13227 9992 7249 3041 18036 13981 2542 8451 17972 5199 3114 9087 5728 2509 10018 9134 2626 14021 10112 17852 1724 17883 10621 17912 17959 
5 17 13200 2580 1572 11176 7066 8902 940 6321 10210 6405 14673 1842 16361 16340 1099 6697 1567 
5 13 13200 4684 16376 8845 16296 16249 16165 1706 12295 8245 805 8953 15893 
4 9 9991 2665 14101 13607 14531 7937 20281 20249 258 
4 9 19068 4917 21896 3997 19298 20312 14761 14729 20249 
4 8 21903 21915 21917 18965 21922 21931 21930 21929 
4 11 4917 19005 21910 21913 21912 21915 21903 21929 21932 21933 10800 
3 12 1797 19256 19216 19255 9383 19273 1487 19192 3184 903 14413 19068 
1 6 6327 19106 8261 74 19099 14413 
3 16 21922 21923 21924 21919 18942 18937 3229 13653 495 14582 2605 6711 9823 10895 9282 11305 
3 3 12002 6470 6609 
4 7 6470 11486 6618 18604 18456 2503 11990 
3 7 11990 8947 18507 4578 18433 12443 808 
3 10 7264 14822 2279 12843 898 18612 8965 13201 18775 590 
2 11 590 18774 13576 13910 9422 2440 19072 19117 2376 19038 5182 
3 14 9422 5631 12910 2386 18903 4712 18911 12933 1976 8026 6497 18758 9365 12002 
3 5 21924 21919 834 6411 18852 
2 19 18852 10299 14575 18734 7832 12417 3800 6399 7702 10854 5571 13942 4679 18650 1239 18612 9261 18662 4554 
3 16 10994 9309 10852 2856 19726 5228 13313 3157 6973 21761 19630 13809 6722 437 11768 4758 
2 4 19707 1600 12242 19552 
3 22 10794 19514 3046 10489 11438 3411 3801 3134 5945 4526 8832 19700 715 13121 2272 19837 2887 4765 19951 3347 20017 5868 
2 11 11246 7060 20255 6158 3642 383 20142 20110 20089 33 5868 
1 37 6861 17368 6223 11261 3249 17307 1933 6619 17278 9083 8135 8578 8059 8690 4502 17268 5772 14376 13058 17145 3194 17098 4670 12890 9739 2264 4779 10571 1062 9719 10106 3678 9622 13292 4075 17039 7130 
2 9 17303 8492 10596 11748 13624 617 17241 17247 953 
2 27 9007 3953 17047 5388 13292 7209 11638 7487 17046 7130 16965 16946 14495 3088 16845 802 806 14645 10806 12920 16670 7635 16711 8329 12442 12514 16832 
3 18 4549 9053 1408 16780 10603 5707 5927 16698 6740 16707 2381 16733 8689 10268 3946 16732 9578 442 
1 8 4549 12856 13050 16813 13932 16838 3552 16832 
1 38 10717 5727 10981 13742 11366 7988 16869 13259 13943 442 3833 7823 9799 16446 10774 1650 9891 16353 8091 6371 16379 16405 10381 11526 16254 2582 12619 14603 5473 16189 9543 10642 1521 8179 16203 14189 452 5128 
2 23 11842 4590 14302 3127 11338 4304 12584 15963 2882 8220 16102 16143 8301 2878 5106 2841 7963 975 16424 12775 16515 4362 2787 
2 10 975 3620 16441 4409 3791 16563 9168 16601 11308 442 
1 10 8170 17494 3830 14165 13356 12879 13766 7773 6689 17637 
1 29 7780 1418 14540 2357 17168 12526 7111 6912 17159 6417 13592 2894 9599 1149 5656 3316 605 11740 13517 10933 9390 16741 1332 12693 8727 10983 16681 9932 16685 
1 30 9578 4913 7836 470 10645 7282 11673 16392 6094 3578 8290 2293 16532 1682 7105 8915 8475 16572 12103 13001 9570 5677 16703 11022 8882 16651 4995 7703 4982 8329 
1 22 8915 348 14250 16491 8010 16452 3887 6593 9733 7545 16357 5817 12783 559 10684 2773 16467 16522 16570 9430 16630 5677 
1 13 7680 16395 16369 16359 11841 12468 8788 8376 5599 799 11686 5653 16467 
2 14 10424 6368 166 10425 3034 7333 796 2980 928 7612 8613 5096 16633 4995 
1 5 16711 16662 7612 5599 799 
1 13 7174 13560 1949 12394 12342 9379 4484 4430 2315 4388 16299 3086 6845 
4 16 16917 4403 16997 2847 13267 2915 12625 7087 7373 1746 17054 4589 2812 5781 8926 72 
2 5 72 11013 2596 8844 17195 
2 8 8559 8522 1515 3110 17079 3321 14496 2596 
1 10 16703 16742 16787 13050 9426 9327 1801 10355 5690 7373 
2 8 5781 3936 12020 17011 2804 10928 7906 16780 
2 13 12625 17095 3468 10669 13859 341 13529 4950 17103 5482 17152 17111 11638 
2 3 11638 4068 11748 
2 17 16845 12088 16897 16936 8313 16896 7072 9270 13501 7049 6006 939 16800 11754 1187 7905 7665 
2 27 10424 12283 14542 951 5505 1734 11975 16617 16611 7665 1465 13298 11622 10022 16673 16699 9861 9754 16680 6202 8479 10784 16632 9222 963 664 1619 
2 31 6738 1912 7729 12898 2977 12272 9634 14361 15998 30 11046 601 5629 7958 6216 16003 427 16064 10368 8101 16178 4956 10354 8480 11035 16235 9312 6452 3446 14366 2556 
1 19 15905 15914 13045 11726 6073 3583 3292 7451 16009 10538 13109 16058 12093 16057 16083 555 7516 3500 16102 
1 8 6787 3909 16009 2985 2829 2477 12953 2556 
1 22 16178 4903 935 116 15985 12040 15905 5975 10305 15749 15712 15672 15633 10812 5812 15439 7252 14069 2896 334 11086 13334 
1 15 8472 4077 15677 2481 10625 8310 13893 2708 3459 6996 15214 6983 14265 6884 10506 
2 34 14788 12997 8960 2415 861 10651 10608 14747 7856 14736 11138 14737 11796 5645 6345 14767 12607 14780 14789 2071 14769 14752 10123 2411 12653 13516 14712 14713 12132 37 14249 8948 6971 14755 
2 19 15027 4550 12736 10597 14044 14958 7235 4423 4721 12337 2653 14892 5733 2056 14880 5475 14850 5467 14788 
2 4 7154 8395 398 9740 
4 15 9740 5356 14960 9569 9951 10216 7561 15106 9092 2907 2827 1836 15316 6827 15367 
2 31 15406 15370 8961 7427 15296 2405 14084 8035 11512 1603 11721 10640 15358 2319 7139 8190 13397 7872 3587 1970 15786 11880 11158 2341 7327 11630 3515 4823 13325 4887 7472 
4 32 12449 3376 16080 16123 9453 6132 4378 2690 16217 14383 16213 10478 16264 13526 9689 16218 11129 4032 517 16062 12848 8751 5665 15960 13027 15855 9218 8222 15738 7532 10206 13832 
1 4 3305 9935 11042 13728 
1 15 7985 14891 14907 14964 1694 15048 5380 13032 10294 12661 14988 8866 15019 9508 11818 
1 9 9801 325 15061 2432 15072 14990 3524 14963 4542 
3 13 11818 6537 10641 15031 8985 9174 13277 1710 15089 1375 15113 3651 15125 
3 13 15360 678 3561 13873 10604 5390 13720 8939 2666 7023 13435 839 15019 
1 11 14733 14796 3881 14800 14819 3246 7628 2359 8816 5333 3828 
1 4 9747 14694 14771 3828 
3 6 9747 3182 9637 11728 1532 8357 
3 12 12593 6285 8627 9964 8357 4422 4033 6072 2669 14141 8234 8816 
2 6 4500 13647 13314 7085 22 6285 
2 15 13314 3874 6529 6317 14867 13081 2644 10688 14914 7660 4884 1561 11426 10179 41 
2 10 12559 15405 1681 12732 14440 4787 6960 15347 15361 10334 
2 14 15406 10334 15444 14467 3206 5989 15562 13832 518 10914 15530 6161 12559 1177 
3 29 2666 15248 9802 10554 12121 3937 10173 682 46 4716 7079 6718 15670 5752 14319 4478 15745 15772 3811 15793 15761 10531 15810 3367 15874 5277 740 15948 3402 
3 18 1567 16242 16205 6478 6697 16343 8338 2014 1526 11631 5793 13023 4918 16084 10241 16054 16053 4315 
2 18 6478 11178 9870 1010 9047 16239 16241 16257 4329 16240 16230 16261 7695 2345 11295 14554 10939 8845 
3 37 13363 1439 11582 4881 3545 15171 3848 3977 9497 15318 12466 2865 15417 10257 15492 7806 15521 201 893 3214 15519 15516 6647 797 15502 414 10094 15619 15635 6448 190 1741 498 15812 15860 3387 2122 
3 9 15893 5194 8803 2717 12903 1471 9984 9469 7806 
4 24 4811 15968 6574 5619 147 7668 9673 16261 995 11659 11357 940 2677 6359 16624 9382 7915 16691 2210 16746 8507 7860 11054 1260 
1 17 16624 3724 800 16533 10954 7607 1396 12974 2691 3027 10790 16830 8105 11738 9236 2132 12900 
2 27 9033 11404 2395 3529 17077 1563 1697 4729 9287 9897 5158 1107 7627 5670 10319 12181 17183 9029 17258 8658 5197 413 14629 4601 7146 9255 17518 
1 9 2785 18341 6473 5972 18467 1409 18564 12571 880 
1 12 9774 59 18355 12810 18432 12529 3808 10734 18638 3416 14126 18758 
2 18 5504 18192 1024 2971 4022 18180 1776 9298 11277 8128 11044 13007 11188 11043 2316 8780 9489 6618 
2 11 18428 11697 9180 14583 18345 4059 8368 18371 10103 6969 18507 
2 14 7883 10227 10783 14137 965 8778 18179 3581 18233 6958 18366 1166 18302 11188 
2 3 10103 18370 13007 
4 7 7873 10510 17847 1353 8093 17967 1167 
2 5 1167 5525 18017 5518 9139 
4 7 6525 11045 17760 17808 9132 13234 12330 
1 4 18095 18131 3999 8128 
1 16 18507 18487 18461 11043 18416 9032 5591 4713 5170 8167 18432 11080 18448 8052 8663 18467 
2 13 18179 12031 18271 7283 6461 4713 18421 18473 13329 18557 1641 18628 718 
1 12 4868 12982 543 11021 21872 12330 1819 19599 17988 19657 1384 1167 
1 9 9597 13190 12832 11776 18180 6506 2478 7096 11044 
2 39 2971 10676 8218 2081 7820 18333 12354 8957 18392 5954 6001 565 23 3680 18680 12430 3614 779 5920 5303 10805 164 12883 13323 12357 10285 18982 13903 1145 7098 19156 10031 19254 2079 19325 19359 8586 19420 944 
1 36 779 6510 7013 12268 8369 11548 11322 1209 3016 18912 3930 5737 1199 19065 19079 5164 19173 19217 685 14326 7757 10423 3020 1879 7073 447 4927 6770 19533 6576 8923 9552 10301 316 11779 19747 
1 19 12883 5749 18762 671 25 7712 18613 18569 8316 10749 10837 14310 11119 11472 18356 12019 18342 9311 12354 
2 27 17646 17659 8362 11781 6508 5325 453 4978 17905 457 3423 14335 12951 18164 3414 14211 7157 11874 6233 9209 5640 1880 12334 6246 12316 18497 8316 
1 13 7157 12368 14077 3831 12149 18490 7481 10001 18598 3198 11683 18695 671 
2 38 6791 8696 20272 8594 7120 5796 20280 12355 8740 11635 20297 3099 189 20269 9102 20237 20216 20188 20167 5739 2226 527 9574 6071 11269 4080 20081 9821 8818 2808 9435 2575 13333 1448 6907 983 12243 5868 
2 10 383 11644 4940 6232 14263 3904 4789 14656 5662 6791 
2 12 20255 7145 6296 13348 14256 6963 14339 8250 20266 7219 20304 6791 
1 9 20272 20251 20229 3805 8056 10735 3528 362 9435 
1 12 8078 20188 13933 5369 5479 20101 13590 6687 5112 2350 9228 527 
3 18 8680 290 19992 10146 6687 4436 2880 13961 10660 19998 2863 5537 11412 4666 6196 7231 13617 3730 
2 9 7231 19892 6447 441 12875 4316 7734 9428 8929 
1 20 20142 20127 20108 1898 20085 20079 7604 10693 6864 10398 2807 2623 20054 725 5667 20069 9119 14159 11466 11108 
1 9 10951 20100 14022 11076 13935 13763 9367 20209 549 
1 9 11246 20230 1220 4871 9367 9178 12610 14022 5667 
1 4 19538 19571 2782 10301 
1 23 8935 14255 17181 9026 999 11435 17140 7914 17108 13015 17059 8189 4624 9131 5244 9865 16931 8297 13373 7116 2960 16717 1465 
1 8 3194 8988 17118 17082 3460 17083 5222 17108 
2 14 5993 6998 12833 14027 7965 993 14090 9720 3879 17601 17639 5687 10119 11045 
1 16 5649 11609 6231 77 644 14397 13212 17630 7268 6488 9099 10150 409 14557 5407 2514 
2 14 17678 1958 11256 1696 8718 17589 12569 12760 13034 17391 2232 17330 9202 5772 
3 13 2928 17371 17409 17451 11964 3654 17557 4215 17634 9715 6294 13565 17678 
1 14 17409 4312 14185 17480 10389 4605 17391 2839 1120 17398 794 17420 379 14090 
2 12 7873 11212 14606 1668 11179 17537 8959 159 17420 7246 17321 8135 
2 32 7883 750 13557 18094 18088 18126 7237 18085 2810 13396 5210 9161 5201 1045 17898 4981 13904 8806 4864 7613 14507 7337 12761 741 9233 7772 17633 13302 12003 2225 14592 2928 
1 6 14507 736 2429 17921 9898 1353 
1 5 77 9583 12981 9980 17639 
1 7 6861 5004 17478 5993 5613 6799 7268 
2 15 17634 7188 17718 1039 2463 2429 5804 10483 12626 7883 18113 11822 18161 11411 9774 
1 16 13396 6863 15598 14519 15568 7523 13892 5413 18034 42 14461 5748 3054 9522 11628 17900 
4 7 17900 3312 11547 5918 17676 7960 14571 
1 13 14571 10465 11799 17397 3798 11147 4668 6919 13299 3282 2105 9820 17095 
2 19 1441 17388 17419 11769 1032 3649 17489 1415 873 17581 10056 17628 10160 107 10732 8840 4231 12029 17856 
1 21 2514 13028 12887 17645 4790 11111 380 9945 17428 5025 17380 17359 13029 9044 7799 13761 4076 8797 8249 3368 14648 
1 22 16867 16879 9075 16953 16995 16993 9263 17057 10535 14264 1683 17123 17185 4959 613 93 14484 12869 5858 5681 17285 11261 
1 18 939 4295 16905 13944 13164 17050 9739 1638 11390 12396 12573 136 5019 2466 17414 10389 8420 13034 
1 8 11547 17825 17812 17851 4203 1081 17945 744 
1 20 14571 17588 17562 4730 17590 14067 2849 9304 335 17693 17720 9042 12684 852 17663 7772 9535 4333 2573 17634 
1 19 8110 13105 13955 17438 10883 6988 2849 1170 5770 14269 2412 17827 4203 4268 14461 11698 6 14527 14537 
3 12 11547 5323 2103 3280 9009 14447 11870 9051 4781 1174 9862 6389 
3 7 5466 17396 11452 17467 13787 707 12205 
1 5 17857 10629 8766 12464 2103 
1 7 11870 1460 12205 8278 11666 9518 1415 
2 11 17311 3990 3458 21618 4246 7178 630 5889 2164 11576 7373 
4 9 12514 10175 10359 12759 16917 16904 1281 5760 16946 
1 11 12625 2590 1520 17222 8242 5166 13515 10358 17395 5813 12205 
4 19 12406 1960 19344 12687 5086 19481 19520 19544 10968 10453 19710 10994 13143 5104 19813 19848 5979 9825 19885 
2 16 2050 13584 11715 12687 14635 8149 204 19371 21875 21876 12112 2269 13979 5890 3294 11972 
1 19 2376 4734 3638 19105 3555 8140 3294 10035 19161 3707 13577 12740 19100 9781 19091 12204 1919 2530 21919 
2 19 1919 122 6269 2697 139 9636 3184 13014 5501 2861 1483 2344 19231 13093 14649 6855 11831 5269 1487 
5 24 18768 6554 5376 18886 12147 10432 7964 4803 18892 18843 6433 340 18917 3631 8737 10804 18899 8653 5205 13681 12624 12992 5439 9796 
1 17 3084 12165 13211 8425 815 19196 4557 826 19422 8352 13335 3569 11708 11850 4815 9764 8589 
1 18 12227 12794 6806 19547 11708 19484 19446 2781 3195 14034 4309 13395 19419 2688 11314 14485 19407 19354 
3 12 11495 19258 19239 19257 3314 12601 4123 13288 4958 11047 12590 3084 
1 11 12165 2739 6717 10187 19397 1478 9741 19480 763 12238 19611 
1 14 19480 8352 19430 12418 13639 2984 19340 19311 9230 7597 4844 7479 9572 19196 
1 7 19397 19347 4557 14560 14596 1052 19311 
2 7 18843 8169 18923 7499 13186 10153 815 
1 8 19104 10153 19071 5569 6656 19102 19133 13211 
1 12 12590 10062 6656 19013 12220 8391 6433 11304 9201 9008 18701 7796 
2 20 18318 3719 5346 12805 11140 18578 18615 13473 265 18724 8932 3324 8737 10804 18954 2889 10802 3383 19111 13288 
1 6 3314 19272 19303 2638 19370 2845 
1 10 19397 8331 9070 1550 2881 19303 3586 7003 3604 19258 
3 5 3383 1623 12944 2454 19093 
3 11 18468 3793 5637 6596 18622 3533 7388 8557 10894 9769 18899 
2 14 18468 3772 13869 3683 361 13533 18289 372 7934 3388 18117 6747 5691 18002 
1 50 7121 18654 10545 18624 11402 18635 8447 3868 11883 7444 12484 18528 11636 10283 1604 7272 422 11785 10712 3630 2997 18536 4241 6690 7994 10162 18397 8870 14405 10171 8430 18228 13436 6244 2424 8323 11936 18007 8989 2240 18002 6940 13322 17920 11756 17894 13710 10230 17767 17728 
2 17 10480 13220 8889 14151 5069 6914 18205 18184 6744 18266 7434 5302 2274 3602 6995 11714 12542 
2 20 7290 1500 18187 1961 9063 11886 18204 11534 7790 8392 14584 13046 1859 18546 5124 8982 1066 7422 12117 18746 
1 34 18607 4172 6198 1580 11979 4862 9124 6444 18437 9420 1859 5198 9913 2162 3311 2571 5926 18554 5637 14107 3049 11140 8794 12876 13195 3463 18533 18568 18540 11362 7688 8943 18502 7994 
1 10 18768 18738 3812 11719 8120 1553 18731 13839 18666 7796 
3 26 18843 18766 2890 13839 7645 2864 18533 3230 10700 10124 13149 3929 14405 18301 6924 13463 18181 6559 8665 5122 13372 18239 5674 18337 11859 5526 
1 10 422 18454 5526 5641 18402 1944 18325 18279 18273 13463 
3 7 10043 8488 4702 13854 4168 18406 422 
1 16 13854 10371 10099 6328 12004 8160 13829 18420 6691 18458 6794 18539 8798 18553 653 18624 
2 29 19847 19823 8208 3464 19801 4236 9452 10080 4085 19655 11399 8077 19541 11807 19478 12081 9890 19398 7742 2263 19310 6188 2448 13642 624 6370 18986 3266 9414 
3 12 19924 10167 7357 8208 14037 13098 3935 19650 3457 19665 2147 19574 
2 21 19574 5841 817 6793 10310 2407 10976 10180 19284 9659 19214 6334 19138 8497 12160 18989 18979 18963 9315 7137 13609 
3 16 18681 4259 10764 1456 12282 5806 18799 18817 3985 6512 9414 13609 3863 11106 19070 6370 
2 22 2379 9943 4641 6211 19067 9838 8264 14309 9940 19045 6287 3107 6586 18990 7565 5232 9611 18964 4487 8991 2446 12160 
2 14 10800 21934 21935 12650 1987 5224 5736 13951 7512 11480 18563 5767 18509 10738 
2 13 20319 13607 3226 2094 10569 18856 4353 13713 8033 1102 8847 3809 18499 
1 14 5224 1946 11016 6948 8585 587 4353 18780 7387 18747 12291 10652 12758 4057 
3 7 2490 12390 18746 8530 18802 4298 14384 
2 5 4298 1622 11947 19000 11069 
1 15 18204 18120 5741 13423 13039 13196 13816 6613 18240 4191 18299 7340 18357 18387 6995 
2 10 17856 14435 4905 1133 13460 18044 12300 13779 14247 13423 
1 5 13196 18275 1844 18350 4862 
1 10 7790 18290 3896 10807 18350 114 8436 18335 13797 7340 
3 7 4275 18556 7459 18514 6170 5519 2118 
2 8 19298 14782 9782 9792 21926 21928 21927 21929 
1 5 4353 178 12128 3060 21926 
3 16 8081 3556 14503 8199 8390 9284 7598 5861 18541 18526 5213 7723 13321 9665 18572 18556 
1 4 18398 14918 9680 6865 
3 15 13321 18446 4851 14350 13220 11310 18221 734 15398 11532 4635 7336 1294 5322 11259 
2 5 7696 18634 11378 10369 8052 
1 8 12843 13564 18447 14156 3015 934 8062 18467 
1 28 8149 6535 8946 6719 2198 19781 19563 4380 19616 19623 3363 12851 5884 19591 9643 19549 3924 3189 4758 9732 5611 14092 19669 5534 19694 19682 2143 19630 
2 19 2050 9763 610 13547 2537 19651 3994 19587 8742 3512 14285 19524 3342 10863 7166 6342 19381 5579 19344 
3 11 4048 9143 21888 21881 21891 2409 19777 8643 19693 13571 13547 
1 18 2050 7646 6487 19575 10968 14681 4848 1910 12369 19725 19726 19764 10219 19752 550 14220 6973 3363 
2 4 19091 19130 19165 19216 
1 9 3800 13615 18656 13229 3984 18725 5879 1207 9823 
1 9 18775 5879 18825 11937 13753 8021 18806 1513 18734 
3 20 7198 18098 9331 13346 7765 14375 11300 11967 18320 13544 5027 18409 8183 10979 13758 18591 2074 117 12267 18799 
3 17 7121 4697 2994 18714 922 4935 18602 4370 13774 12675 6054 10493 18380 8116 18292 7212 719 
1 6 11967 18249 18265 18231 13879 719 
1 11 18231 9803 11896 7704 4340 10521 1864 3289 13632 3568 8861 
2 21 8861 8441 3864 4571 1365 13407 6662 12055 3907 1866 1112 17595 17551 4704 6641 5131 17375 11700 2712 3244 14288 
3 5 17669 5321 2426 17608 614 
2 27 13632 17987 5035 9191 6349 6078 4251 6156 4924 17669 14545 40 17609 6250 13919 9212 4037 6493 12855 17572 9097 17577 4252 9480 5016 17437 1547 
1 7 6349 4723 3485 1980 2938 10768 12055 
3 28 7048 9641 17246 3216 769 7542 11908 1027 4945 9484 17412 6434 7436 11172 4610 3442 4200 2687 571 5026 976 17706 10850 17782 263 17806 143 10112 
2 12 17518 5061 5493 6503 14241 411 11010 5342 4112 17675 8327 17706 
2 5 2687 1823 5227 14418 4704 
3 23 14288 17257 2974 12680 10096 7078 9657 338 2206 3066 17220 12073 8088 11837 2607 17242 3216 17323 468 17399 17430 2489 17518 
1 7 6925 11115 13610 17791 6832 1731 8451 
3 18 18294 7533 10488 18163 18104 2632 18036 1527 3995 3462 856 1501 17887 8575 5639 9775 6879 1867 
2 24 17577 5797 12505 2908 7924 7557 7360 5406 2637 17660 17696 13619 10835 11420 17763 17853 11084 10262 10674 5964 10429 6183 3259 18181 
2 10 17998 13066 9737 18141 10746 5565 9498 18334 18359 18406 
1 22 17981 18004 17968 11260 8226 4735 17999 18006 6142 17998 4432 17997 5720 7913 6504 9323 13652 4441 10262 17936 8347 17885 
3 22 17885 17837 10380 17865 3044 8954 17731 524 10276 17650 17611 13408 17594 9494 17556 8791 13972 17502 3782 17514 12123 10782 
1 11 11260 13762 1144 4609 4654 17810 9358 17783 7970 17707 2637 
2 13 719 1907 2142 2347 1791 7081 10757 17903 4742 11530 3641 12304 9212 
1 12 2142 90 18196 10467 13377 1599 18246 11496 7385 8834 3980 10043 
1 16 9390 4176 3799 384 12271 16613 16583 1433 1677 6682 7261 2684 16628 16641 4990 13874 
3 15 16781 1042 9461 6712 10083 3329 782 13722 13874 16715 236 1481 13167 10416 11786 
2 24 13874 14600 3914 9744 13671 7850 977 9483 11881 3473 16385 5723 1477 16421 7091 16445 1548 16420 12667 1131 13236 9810 1993 13649 
2 18 472 8789 1782 5811 2597 5988 16127 3225 1044 8410 5745 16289 3196 10702 16312 4460 13811 16342 
1 13 1131 6303 13883 508 16351 7485 10680 12422 8156 12791 7159 12513 16342 
1 20 12775 7574 16503 3026 16501 11544 10890 10286 3276 608 9250 531 9974 1416 5776 16465 6241 12349 16431 12513 
3 21 16342 10037 16 14658 10436 7687 16214 4755 7659 16097 8237 11578 5145 7808 12608 9394 14541 7907 239 15545 6977 
3 8 6977 7171 9627 12995 7068 3900 7118 15132 
1 13 41 1037 1488 10971 2791 11478 8295 14956 6453 15014 2814 8195 15132 
1 14 4680 15332 4 11815 10003 12885 530 8011 14333 4394 15055 377 6936 13385 
3 20 377 12749 2644 10688 720 579 13626 10428 10462 10419 6467 9922 373 14734 6464 5428 7492 14695 8121 12593 
1 4 9174 9356 14948 2669 
2 10 14733 1064 424 14690 14691 9223 12602 14751 4465 3828 
2 10 14911 14949 9045 12292 14566 2951 14533 729 15260 7427 
1 10 15888 10084 9300 101 1914 11806 3952 6325 15592 10094 
1 7 12903 10051 4300 12463 3713 13387 1914 
2 16 13200 4816 3768 16599 2550 7368 2088 11933 1863 16980 1254 2084 8188 6353 17249 5013 
3 12 5013 1685 724 17345 12094 154 13362 17479 306 1469 496 4528 
3 19 2395 5934 17135 13676 11915 9793 2483 4233 8085 12101 6144 6543 3731 11872 4124 2320 17745 50 5639 
1 12 10256 17666 2179 2207 17591 6517 10675 11872 14377 6725 14222 6925 
1 8 13362 6756 1193 8452 6144 7064 14621 3299 
1 6 119 17328 2321 17386 9704 14621 
2 19 3027 6205 1745 12508 8496 8334 10967 16773 9449 16788 9729 5179 13661 12821 16781 6346 7863 9929 14001 
2 13 4378 5156 16318 2066 16402 2494 6043 11028 13327 10352 2362 13439 9729 
4 5 17455 9081 1011 4182 2753 
2 20 6220 3943 6949 17384 9081 10677 3221 17407 4461 5359 2314 11211 10183 3150 12247 9778 8779 1295 17566 13408 
1 14 8954 17794 17811 14068 7709 8018 2338 6395 10944 4345 17708 2716 17728 6292 
1 12 17865 3659 10715 478 18007 2656 18091 3565 12928 4857 4586 18318 
1 8 5019 17252 3951 17184 4779 11504 13276 13944 
1 10 10425 4573 16648 2535 8381 11558 16896 12613 5769 17047 
1 8 4573 16672 1968 9416 14645 3098 1585 16904 
2 19 3110 16975 6364 11821 1225 13574 2804 5411 15235 8177 8016 5690 1908 4188 16870 4549 16757 4434 9570 
1 21 9923 7356 16872 16812 16782 11009 10268 3755 12440 899 2806 16532 12308 14046 5688 4226 10381 16313 7031 16231 16178 
1 11 12281 4831 6216 7958 12554 14603 5473 13656 16265 9374 3887 
2 12 3649 17473 17466 10414 17404 4584 1775 17425 12106 12163 11746 17232 
2 14 8104 3612 12566 8842 17689 4845 10599 5334 370 107 5189 10002 7818 17473 
2 33 1133 13241 12358 17924 3396 11607 8684 17982 13469 3056 12215 2846 18015 3445 5305 10999 7826 18022 5691 2240 12972 10152 3565 18119 2424 2002 12319 3493 7722 10407 5755 18169 13463 
1 17 6183 11651 5250 7722 7029 5682 18228 2695 18257 4586 13840 18347 13217 13256 581 13091 18468 
1 22 1623 18988 14535 13681 3455 9175 18722 3130 4788 12376 14262 3311 3156 18384 13738 11959 10707 7290 18173 8940 18079 3445 
1 6 13217 4505 10054 7934 9162 8940 
1 11 12247 13513 3165 95 17688 6561 8018 17800 17840 7785 13322 
1 13 4742 17891 8383 1594 12772 5511 17824 1733 6078 8483 17973 11603 4657 
2 23 10871 7871 1050 17227 17178 17113 6255 12348 17052 7992 16999 7564 3744 16866 7278 1507 16764 5554 14296 6587 10098 3123 1481 
1 12 11700 3610 13404 1850 17218 17227 5893 17142 3089 17069 3496 11786 
1 8 11352 6930 16970 7088 9478 950 16994 11786 
1 15 782 6999 16792 16859 16890 6955 7088 6953 9408 4279 13147 17225 13404 12553 7871 
2 15 16788 12683 12030 16932 4002 17021 12763 641 4598 8717 338 12552 5943 11890 7436 
1 6 4112 10302 17520 6369 17454 17412 
1 7 5061 2620 17528 4524 2243 13828 1027 
2 20 2088 16777 12901 8911 3861 2210 1221 1268 16753 4223 7800 16785 10790 1977 16805 16821 12113 9568 14570 16915 
3 28 3387 4902 13230 10833 7636 13530 11722 7286 5391 7045 13262 1953 3227 12011 15489 6629 15422 13806 12952 5262 9700 15245 14423 15182 14206 3277 15066 13032 
1 20 3305 14932 2501 8602 269 10294 7020 15085 3359 15205 15241 6875 9878 9857 13114 12474 5961 3488 5917 15670 
2 22 12474 9322 859 15472 15489 6629 14138 2171 4931 15496 2013 10767 5742 8319 5456 15614 13444 11029 5581 3644 3138 190 
1 16 3977 15208 6184 14183 12806 7701 15216 359 1139 15116 12234 551 14528 6015 15159 1470 
2 14 3206 10006 13537 8453 15688 1918 12722 5047 15886 760 1326 9336 4447 5811 
1 6 15960 6764 11373 15992 5108 4447 
1 7 12722 7372 8074 4338 11633 11370 13158 
1 28 3225 16106 13078 10785 522 13778 12277 16046 16043 9043 16012 7110 8130 10731 16034 11566 8237 3264 12311 16024 746 16039 129 10781 309 16074 12644 8220 
2 35 14741 986 14820 12904 9260 11898 1628 11117 14980 1071 4319 10866 4103 12715 11083 9039 15367 6217 3495 2577 13426 15606 15648 15689 222 675 2819 13562 7525 1878 4169 14023 3348 16025 16057 
1 13 9150 9346 13245 10108 13637 7963 12208 6480 16274 10829 10344 16277 2556 
1 7 16277 1702 16388 1825 16488 12498 16601 
2 11 2357 5948 17116 807 9746 17085 11408 10072 14532 17150 17191 
1 16 10717 4843 7493 11343 16902 16943 14100 10072 6745 8000 1971 10356 3884 13271 9860 10472 
3 39 13271 17180 5750 10626 17170 18750 13818 11049 8975 3498 8694 8726 21945 15641 15652 586 2805 1862 19177 3302 15641 19146 7321 19137 9749 8198 18864 18866 18685 1234 5169 809 3693 17006 14290 18777 18434 11469 10981 
1 15 7111 4604 17090 5311 3514 4710 11339 3669 16797 1413 16747 7658 16608 1906 10286 
2 23 5776 7643 16541 1 10279 16635 8388 11557 16685 5616 3252 1647 2546 8282 16507 11433 16555 16526 7131 11072 16479 5143 1548 
2 20 16685 14398 16766 2527 16855 13842 10705 3316 8698 17084 17102 12969 10117 4092 9699 13817 7882 1082 17333 12141 
1 11 6824 7951 3756 1648 614 17641 17654 9892 17733 1945 6156 
1 17 5493 9231 17602 17593 8820 6643 1072 578 17667 5418 6925 4650 1763 2914 2060 17797 50 
1 10 578 11290 3393 9265 3510 17798 12182 17832 14080 10018 
2 24 14021 10839 17986 18030 9344 18107 14586 18223 11916 6916 18264 7010 4036 18323 18338 8097 10741 18379 2031 18385 18383 3787 10027 18346 
3 12 18346 11393 1990 11484 5598 9145 6458 18460 11579 11344 466 1030 
2 12 11579 2926 12130 11388 9828 18211 7663 12226 8138 6989 3989 18025 
1 7 338 5922 13204 17018 6876 4482 9929 
2 16 16788 12683 6856 13246 34 1551 6620 12075 4600 17018 17035 8573 8153 17078 6388 9950 
2 6 7882 17194 17153 17115 5039 17052 
2 8 3744 2439 403 8260 4923 16939 17000 3316 
2 9 2527 12531 1690 3100 12743 2522 4058 8468 3514 
1 14 13600 17349 11664 13095 11202 17284 11315 17228 13900 6081 5899 17298 10331 14598 
1 6 8779 9582 11729 13355 11457 14186 
3 8 6922 7086 4812 17500 5773 17584 6350 17669 
1 15 2853 2355 8856 5855 14176 1531 3320 17084 6575 11389 9293 7299 11751 5039 17052 
1 5 17577 6313 17499 12436 2159 
3 8 13592 17089 5892 16989 7458 5921 9078 2522 
1 12 16797 16803 5360 5936 12175 4951 16736 5531 9021 16819 11279 12743 
1 6 13460 3072 12118 18046 9472 12455 
2 9 9472 2398 2533 10610 8892 6778 17971 10145 17929 
2 12 17903 4290 18011 10817 132 9809 2858 4952 18246 10905 6941 8160 
1 9 19067 5553 10903 13496 18800 8235 3534 5572 3630 
1 14 6586 7998 18877 10452 18870 14253 5896 7063 18730 9640 11517 11372 1084 10283 
1 20 7224 6168 11749 619 11319 7674 4822 1342 6193 9127 4534 19586 19619 3850 19680 8590 14385 8096 14029 14003 
2 30 14029 9165 3197 6441 5389 19602 13421 19535 1947 19466 11132 19439 6041 8233 19418 3574 10471 19377 19327 19308 9541 19253 1400 12710 12012 8171 1273 4527 19039 2612 
2 24 7077 19024 895 19003 10255 18996 18956 18930 21 13730 18910 11135 615 7751 10079 10965 9332 5671 1726 14234 4612 19206 19233 10758 
2 8 13185 7762 10252 1942 515 9417 19472 8657 
1 9 19895 19870 19845 6585 9294 11171 19688 13188 7610 
1 11 7301 19841 5784 5999 19762 7398 9524 5794 19692 14047 6116 
3 13 19895 19962 14314 9101 13293 4245 13289 20171 20182 5680 14369 3175 20293 
1 18 3175 3417 2378 3536 10211 3571 9594 20286 5497 20276 7603 20258 1122 2152 12516 20213 20179 2917 
1 12 20213 20154 11816 20091 6314 1784 20026 5604 180 19965 3704 19931 
1 17 18681 7471 10442 5020 9146 4808 5290 18644 6997 9885 18630 18642 4569 6803 2306 12828 5183 
1 24 9541 3471 19195 19166 19115 9320 9361 6819 18919 7953 3535 18790 2817 18803 18804 13366 14626 4850 1028 6521 18983 19031 13651 14032 
1 24 9591 4247 12420 249 9653 18999 5696 18992 19059 2196 9320 3093 9349 2123 11963 6221 12938 6834 19281 6809 5233 9750 9858 9541 
1 19 5183 4890 18672 13380 984 18668 11573 9186 18729 2721 3382 8811 3091 11765 4078 9606 13090 18913 7751 
2 8 3787 2416 13419 5440 18159 18124 4751 5199 
2 46 18460 8089 9468 5056 9671 14286 18483 4489 7415 6120 18498 18516 6361 18517 1445 18464 12173 18505 4462 8455 3362 12521 18419 7786 9859 18436 7527 18479 18465 11735 569 7136 10786 18570 11592 7980 1456 18743 2469 13366 18891 4289 10194 18987 7450 2123 
1 6 7980 1735 12907 10620 9267 12963 
2 23 13758 1196 8001 18478 9875 18423 6035 10087 2751 18315 10912 3370 8051 9364 3816 18207 18176 3067 4358 18057 161 7000 17883 
2 14 8051 18253 12138 4658 3540 18300 5415 14152 18354 4332 6954 4307 8864 18379 
1 15 8089 14055 704 18590 18617 9624 18699 18739 18716 1114 10188 3298 18928 8550 5671 
2 7 21 3562 18828 3339 18840 7271 13090 
2 16 3339 11107 9186 5661 14487 11133 9468 6458 10254 18305 8992 346 18177 7763 677 1350 
3 26 5728 17965 1609 18026 5092 18048 2112 18030 8568 2554 6119 18108 3163 18138 18176 13410 1664 18198 18208 10940 7138 6438 18178 2061 6224 14375 
1 11 18409 2423 13150 4205 11161 18262 2955 9345 18274 18241 3816 
1 6 10521 4657 12723 12222 10938 7081 
1 6 12141 17324 12115 9896 7606 17113 
1 7 16866 12413 6310 7175 16634 12868 1677 
2 42 12579 541 7983 3103 7334 7359 15577 15539 15511 15474 697 11346 3287 15342 5711 1768 15298 2896 15337 12598 15368 12795 5782 585 7443 4731 13725 15584 15624 10656 6640 4698 12108 12000 84 14361 16032 3443 2726 1521 10460 5817 
1 10 9554 15083 15052 6888 14106 1649 14971 14953 10537 9740 
1 17 2907 2211 1176 12816 1232 942 4631 12259 7495 7334 15646 7730 13716 9213 15833 15852 846 
2 21 16308 16323 9203 536 1089 11803 5863 3450 16326 16307 10436 1262 1721 7874 811 16132 3082 2138 16082 1773 522 
1 6 16289 350 11600 12050 2630 811 
2 10 7118 420 5046 9553 11815 14219 8434 7392 14441 10179 
1 25 10419 4074 14749 4437 14779 14757 7500 8569 5006 297 2988 2500 14741 12702 11204 5593 11788 3696 12678 7154 14735 8906 4726 612 12997 
2 20 829 6549 6908 15282 537 1932 2672 15416 15450 4731 15532 3377 15580 4385 5563 933 15684 11446 6589 15712 
1 9 6393 13784 6149 2892 5463 4041 16335 4365 12468 
2 37 17919 6424 17895 17939 5991 17926 13906 7460 2442 11197 17906 11193 10443 9963 9912 17914 4842 6709 17934 9006 7441 17940 7229 9955 2568 17942 7848 864 4606 14006 17756 3803 6061 6207 17691 17679 8276 
1 19 1289 18018 2431 7507 2790 9443 18175 12829 18234 4908 18284 18267 6002 13442 11349 18336 12334 10492 5849 
1 20 7070 14463 18362 9324 4748 7761 12501 322 11911 7573 9544 11292 3941 6902 1466 17874 9220 17882 4398 4978 
1 34 4627 4219 17585 13070 6455 2389 11552 12154 10869 17954 431 3238 18081 199 13465 14578 970 18197 9529 18172 698 18114 12501 12954 8540 11907 4794 3784 18132 18171 18162 11994 1380 3414 
1 11 12357 18924 14687 13251 11900 14615 10097 5848 19052 13858 4669 
1 13 12570 18929 2536 18925 11189 10330 18896 3097 18813 18754 4260 4397 18633 
2 13 2027 19505 8277 8155 19435 418 10587 14388 494 5284 12882 19360 10686 
1 13 2599 10185 5190 5544 7971 19406 843 3640 19369 9038 642 4773 19359 
1 15 5544 14045 19321 12331 3685 10128 12841 12706 957 5075 19123 7192 11298 5299 5164 
1 4 6525 8767 10671 11212 
1 5 4848 19621 3012 8649 19781 
1 6 8033 4521 18683 13995 18665 10581 
3 6 11607 4663 17855 9268 17777 3612 
3 7 8190 10486 11596 14063 7277 4936 15370 
2 9 8453 10307 9573 7718 188 15642 915 2300 7872 
2 23 5440 1729 18282 18338 4307 10277 12173 18531 10222 7196 18630 9381 18706 18752 131 18855 10060 18919 6176 2372 6400 5867 2123 
1 13 6221 5699 19162 19142 6276 19122 19143 14032 11217 19152 5602 19181 624 
1 17 19586 5792 19521 7795 5116 9548 5049 558 19307 19270 3126 19235 19188 11217 6038 1438 6370 
3 19 19847 19858 961 19853 8317 5341 19854 19876 14094 9844 4088 9681 10682 10962 19865 13554 12725 5910 7228 
2 20 3762 13703 20006 9229 19977 2698 6937 6194 3158 19971 10172 2950 13179 3237 19981 5757 1320 19915 8884 11701 
3 13 19924 481 14227 20004 20032 4540 20092 20118 20135 8721 3051 14131 5905 
1 14 20145 14420 3960 20149 12209 20126 10435 20093 8494 9024 5245 5946 20064 4540 
1 6 21 7027 12936 18771 1832 5183 
2 12 13624 17261 5385 16294 16478 7903 7828 1440 15283 12384 17456 2225 
2 23 14571 7054 17357 17504 10251 10883 12799 13685 7182 13115 7243 13658 13316 2816 17773 7828 19794 17315 5523 13283 10122 17224 17184 
1 14 6291 18474 13644 6631 1135 2897 12589 9464 18322 5660 203 18186 1691 3784 
2 26 13079 17744 9170 17705 2506 4376 17599 17559 4273 224 14214 13280 4331 11672 778 17207 9275 2128 6801 2219 7401 12523 16974 11629 16978 11245 
1 16 7507 18077 14011 7344 31 8238 18052 438 18074 6165 5819 18142 4795 12324 13097 7441 
1 16 17914 3421 958 10025 396 10548 5540 5626 17492 9054 1872 2049 1085 17353 1954 2854 
3 42 1911 12033 375 9517 15418 14342 2 1173 3982 3465 13980 15664 4892 14371 15757 2631 13301 1997 2154 15827 6553 15797 11675 2693 3880 3006 1172 11347 2636 8732 3652 604 2275 10949 11036 5079 6022 16288 12056 16384 16426 620 
3 33 16244 706 8413 16321 4463 14689 14254 6130 16229 9768 16110 4941 8572 16113 1476 16104 12927 16149 4377 16211 10787 13502 8695 12734 6552 4922 10848 4388 2315 13719 2762 9354 16335 
4 46 2705 14466 5542 15763 7351 2144 12587 2414 8162 9625 7885 5070 7164 15460 12550 11855 4724 6683 5044 7831 11225 15269 4633 317 9807 8904 15179 8920 9474 12248 5120 5188 14909 14881 14837 10226 14770 7740 88 3572 6523 8978 14772 11919 11800 13627 
3 15 3986 12077 15383 1560 1201 15413 336 14614 8112 15389 2218 10275 15303 15293 375 
2 24 7164 15482 8723 7725 4271 6773 6597 15391 2248 6694 13137 5472 2820 3662 2373 5828 2187 15174 1334 14395 6983 10921 9481 2685 
1 5 13334 12707 234 6910 4423 
2 11 15539 1407 1051 12350 4963 10877 15600 2294 15603 6688 15633 
2 15 15770 4292 15872 14054 10964 4121 8521 6564 12932 6668 16072 3832 2021 10166 8695 
1 7 9379 14346 8521 5041 2117 73 10770 
2 26 16104 16061 7859 3746 12827 1128 12446 15819 2414 11624 3758 4791 12340 2999 15578 9510 1328 1125 15445 3192 650 15434 11301 7034 15388 3986 
2 13 431 7596 5666 1744 17899 14087 14283 8262 701 17817 17769 2190 8362 
2 19 16867 9207 10808 2267 1318 7866 16739 3862 1590 12297 16592 16551 16535 3177 16454 6781 10118 421 11912 
3 19 620 16425 3343 7519 13254 8968 11912 1963 14330 6018 4522 16220 2912 389 16085 10253 9328 1462 16010 
2 14 16244 4877 8908 12919 7304 16085 16066 16077 5214 1845 13555 10207 11375 11347 
2 25 7903 16255 17312 7678 17315 17347 2928 15246 12384 901 6057 3279 17890 7243 6590 4757 17304 8172 17320 13252 16478 11156 6442 17254 17315 
2 10 18017 18934 19198 17988 7475 17925 6008 17842 17801 6525 
1 10 9732 21874 8207 19617 13340 11998 13857 11960 19646 10301 
1 8 11049 6475 6088 13225 13371 17071 18636 809 
1 3 8975 10384 7321 
1 5 8958 473 4222 1705 19036 
1 2 1862 18995 
1 4 12476 13035 2222 13351 
