1 2 
1 4 
1 21 
1 41 
1 46 
1 54 
1 67 
1 72 
1 77 
1 107 
1 136 
1 143 
1 155 
1 160 
1 161 
1 190 
1 258 
1 265 
1 269 
1 306 
1 335 
1 338 
1 357 
1 361 
1 362 
1 375 
1 380 
1 413 
1 422 
1 424 
1 427 
1 431 
1 442 
1 457 
1 472 
1 496 
1 515 
1 524 
1 543 
1 549 
1 565 
1 614 
1 615 
1 620 
1 635 
1 671 
1 678 
1 683 
1 719 
1 725 
1 748 
1 796 
1 799 
1 815 
1 826 
1 838 
1 861 
1 922 
1 957 
1 958 
1 963 
1 975 
1 977 
1 999 
1 1027 
1 1030 
1 1044 
1 1071 
1 1081 
1 1082 
1 1085 
1 1089 
1 1112 
1 1118 
1 1174 
1 1231 
1 1254 
1 1260 
1 1273 
1 1289 
1 1293 
1 1350 
1 1359 
1 1465 
1 1477 
1 1521 
1 1527 
1 1546 
1 1548 
1 1560 
1 1561 
1 1567 
1 1580 
1 1603 
1 1630 
1 1652 
1 1668 
1 1677 
1 1685 
1 1697 
1 1734 
1 1744 
1 1801 
1 1829 
1 1831 
1 1856 
1 1859 
1 1911 
1 1949 
1 1990 
1 2021 
1 2050 
1 2066 
1 2081 
1 2088 
1 2118 
1 2123 
1 2128 
1 2147 
1 2167 
1 2207 
1 2210 
1 2225 
1 2235 
1 2272 
1 2275 
1 2321 
1 2341 
1 2374 
1 2389 
1 2395 
1 2400 
1 2405 
1 2429 
1 2481 
1 2514 
1 2522 
1 2537 
1 2546 
1 2556 
1 2597 
1 2605 
1 2612 
1 2632 
1 2644 
1 2653 
1 2672 
1 2687 
1 2688 
1 2705 
1 2739 
1 2753 
1 2773 
1 2781 
1 2804 
1 2833 
1 2841 
1 2845 
1 2846 
1 2868 
1 2889 
1 2896 
1 2907 
1 2908 
1 2912 
1 2914 
1 2938 
1 2951 
1 2955 
1 2984 
1 3027 
1 3046 
1 3051 
1 3054 
1 3062 
1 3067 
1 3084 
1 3110 
1 3114 
1 3194 
1 3198 
1 3276 
1 3292 
1 3305 
1 3311 
1 3314 
1 3316 
1 3387 
1 3411 
1 3414 
1 3463 
1 3465 
1 3514 
1 3523 
1 3533 
1 3555 
1 3578 
1 3581 
1 3636 
1 3640 
1 3650 
1 3657 
1 3667 
1 3707 
1 3730 
1 3736 
1 3744 
1 3762 
1 3768 
1 3783 
1 3784 
1 3785 
1 3787 
1 3791 
1 3792 
1 3805 
1 3811 
1 3812 
1 3816 
1 3828 
1 3868 
1 3876 
1 3880 
1 3887 
1 3907 
1 3915 
1 3941 
1 3943 
1 3948 
1 3954 
1 3972 
1 3977 
1 3989 
1 3990 
1 4032 
1 4033 
1 4039 
1 4059 
1 4060 
1 4085 
1 4112 
1 4124 
1 4169 
1 4223 
1 4233 
1 4241 
1 4247 
1 4292 
1 4316 
1 4331 
1 4353 
1 4362 
1 4376 
1 4385 
1 4430 
1 4524 
1 4540 
1 4549 
1 4550 
1 4554 
1 4571 
1 4609 
1 4610 
1 4624 
1 4627 
1 4658 
1 4668 
1 4698 
1 4704 
1 4729 
1 4731 
1 4742 
1 4757 
1 4758 
1 4765 
1 4779 
1 4786 
1 4812 
1 4815 
1 4842 
1 4845 
1 4850 
1 4887 
1 4917 
1 4958 
1 4995 
1 4996 
1 5010 
1 5013 
1 5046 
1 5120 
1 5163 
1 5164 
1 5169 
1 5183 
1 5203 
1 5205 
1 5214 
1 5224 
1 5232 
1 5244 
1 5277 
1 5290 
1 5302 
1 5307 
1 5322 
1 5374 
1 5440 
1 5473 
1 5486 
1 5510 
1 5518 
1 5525 
1 5537 
1 5544 
1 5548 
1 5553 
1 5561 
1 5572 
1 5622 
1 5639 
1 5671 
1 5724 
1 5752 
1 5760 
1 5762 
1 5767 
1 5776 
1 5781 
1 5796 
1 5817 
1 5828 
1 5838 
1 5849 
1 5868 
1 5927 
1 5934 
1 5948 
1 5961 
1 5964 
1 5989 
1 5993 
1 6076 
1 6081 
1 6144 
1 6158 
1 6164 
1 6168 
1 6183 
1 6216 
1 6227 
1 6249 
1 6267 
1 6269 
1 6270 
1 6285 
1 6317 
1 6327 
1 6336 
1 6370 
1 6393 
1 6413 
1 6427 
1 6433 
1 6439 
1 6452 
1 6463 
1 6464 
1 6470 
1 6478 
1 6522 
1 6525 
1 6549 
1 6559 
1 6616 
1 6620 
1 6631 
1 6643 
1 6656 
1 6682 
1 6689 
1 6773 
1 6791 
1 6793 
1 6803 
1 6832 
1 6855 
1 6865 
1 6875 
1 6922 
1 6925 
1 6937 
1 6960 
1 6977 
1 6995 
1 7048 
1 7068 
1 7084 
1 7121 
1 7136 
1 7138 
1 7139 
1 7146 
1 7151 
1 7154 
1 7192 
1 7198 
1 7212 
1 7235 
1 7249 
1 7268 
1 7278 
1 7282 
1 7334 
1 7340 
1 7362 
1 7373 
1 7401 
1 7415 
1 7422 
1 7427 
1 7479 
1 7527 
1 7532 
1 7557 
1 7573 
1 7612 
1 7636 
1 7660 
1 7663 
1 7674 
1 7688 
1 7702 
1 7723 
1 7742 
1 7761 
1 7763 
1 7772 
1 7777 
1 7791 
1 7796 
1 7808 
1 7823 
1 7828 
1 7866 
1 7872 
1 7873 
1 7874 
1 7883 
1 7934 
1 7994 
1 8010 
1 8011 
1 8013 
1 8018 
1 8077 
1 8078 
1 8135 
1 8149 
1 8160 
1 8205 
1 8220 
1 8233 
1 8237 
1 8262 
1 8301 
1 8317 
1 8329 
1 8334 
1 8336 
1 8352 
1 8357 
1 8381 
1 8392 
1 8422 
1 8434 
1 8453 
1 8472 
1 8494 
1 8521 
1 8522 
1 8575 
1 8589 
1 8639 
1 8640 
1 8657 
1 8658 
1 8668 
1 8680 
1 8737 
1 8765 
1 8766 
1 8780 
1 8800 
1 8816 
1 8832 
1 8841 
1 8861 
1 8870 
1 8889 
1 8892 
1 8893 
1 8915 
1 8927 
1 8929 
1 8954 
1 8965 
1 8982 
1 8993 
1 9029 
1 9044 
1 9053 
1 9059 
1 9081 
1 9099 
1 9137 
1 9161 
1 9174 
1 9180 
1 9186 
1 9201 
1 9211 
1 9213 
1 9218 
1 9220 
1 9228 
1 9229 
1 9260 
1 9261 
1 9263 
1 9298 
1 9312 
1 9336 
1 9361 
1 9379 
1 9390 
1 9394 
1 9414 
1 9422 
1 9452 
1 9490 
1 9541 
1 9548 
1 9554 
1 9578 
1 9597 
1 9671 
1 9681 
1 9719 
1 9737 
1 9740 
1 9747 
1 9750 
1 9754 
1 9758 
1 9768 
1 9793 
1 9801 
1 9802 
1 9807 
1 9810 
1 9834 
1 9844 
1 9929 
1 9942 
1 9943 
1 9951 
1 9955 
1 9980 
1 9991 
1 10018 
1 10043 
1 10072 
1 10087 
1 10091 
1 10094 
1 10103 
1 10117 
1 10128 
1 10167 
1 10171 
1 10180 
1 10185 
1 10188 
1 10241 
1 10256 
1 10268 
1 10283 
1 10301 
1 10312 
1 10319 
1 10331 
1 10381 
1 10407 
1 10419 
1 10423 
1 10436 
1 10471 
1 10521 
1 10531 
1 10538 
1 10587 
1 10626 
1 10686 
1 10707 
1 10717 
1 10734 
1 10735 
1 10758 
1 10770 
1 10781 
1 10783 
1 10787 
1 10800 
1 10802 
1 10804 
1 10817 
1 10820 
1 10839 
1 10866 
1 10877 
1 10881 
1 10883 
1 10899 
1 10940 
1 10951 
1 10994 
1 11028 
1 11049 
1 11069 
1 11138 
1 11193 
1 11202 
1 11211 
1 11225 
1 11245 
1 11246 
1 11261 
1 11270 
1 11277 
1 11305 
1 11347 
1 11370 
1 11373 
1 11433 
1 11461 
1 11466 
1 11478 
1 11495 
1 11507 
1 11544 
1 11547 
1 11548 
1 11582 
1 11592 
1 11596 
1 11600 
1 11607 
1 11638 
1 11691 
1 11700 
1 11708 
1 11726 
1 11728 
1 11748 
1 11765 
1 11786 
1 11806 
1 11815 
1 11818 
1 11837 
1 11848 
1 11870 
1 11880 
1 11912 
1 11915 
1 11947 
1 11952 
1 11990 
1 12055 
1 12067 
1 12073 
1 12101 
1 12130 
1 12160 
1 12242 
1 12330 
1 12355 
1 12369 
1 12390 
1 12396 
1 12406 
1 12418 
1 12422 
1 12430 
1 12449 
1 12455 
1 12484 
1 12514 
1 12521 
1 12550 
1 12559 
1 12579 
1 12587 
1 12593 
1 12631 
1 12680 
1 12722 
1 12725 
1 12732 
1 12761 
1 12775 
1 12805 
1 12816 
1 12827 
1 12864 
1 12875 
1 12876 
1 12883 
1 12898 
1 12907 
1 12927 
1 12934 
1 12938 
1 12963 
1 12970 
1 13001 
1 13007 
1 13025 
1 13034 
1 13078 
1 13079 
1 13090 
1 13150 
1 13168 
1 13185 
1 13186 
1 13196 
1 13200 
1 13217 
1 13229 
1 13239 
1 13262 
1 13284 
1 13288 
1 13292 
1 13301 
1 13320 
1 13333 
1 13334 
1 13356 
1 13362 
1 13372 
1 13377 
1 13385 
1 13395 
1 13407 
1 13421 
1 13435 
1 13460 
1 13463 
1 13496 
1 13507 
1 13516 
1 13588 
1 13611 
1 13627 
1 13642 
1 13647 
1 13758 
1 13806 
1 13859 
1 13873 
1 13874 
1 13893 
1 13904 
1 13935 
1 13944 
1 13959 
1 13987 
1 13995 
1 14018 
1 14027 
1 14029 
1 14077 
1 14090 
1 14106 
1 14176 
1 14194 
1 14220 
1 14234 
1 14241 
1 14256 
1 14263 
1 14264 
1 14285 
1 14288 
1 14296 
1 14299 
1 14302 
1 14310 
1 14328 
1 14361 
1 14375 
1 14376 
1 14385 
1 14397 
1 14476 
1 14484 
1 14501 
1 14521 
1 14560 
1 14570 
1 14571 
1 14615 
1 14621 
1 14645 
1 14652 
1 14714 
1 14727 
1 14732 
1 14733 
1 14741 
1 14767 
1 14788 
1 14819 
1 14830 
1 14880 
1 14907 
1 14938 
1 15014 
1 15019 
1 15047 
1 15116 
1 15132 
1 15182 
1 15214 
1 15342 
1 15358 
1 15367 
1 15389 
1 15406 
1 15417 
1 15444 
1 15489 
1 15539 
1 15599 
1 15606 
1 15614 
1 15633 
1 15749 
1 15893 
1 15905 
1 15960 
1 16010 
1 16011 
1 16017 
1 16083 
1 16120 
1 16178 
1 16209 
1 16217 
1 16244 
1 16288 
1 16299 
1 16327 
1 16335 
1 16342 
1 16361 
1 16392 
1 16457 
1 16532 
1 16533 
1 16535 
1 16624 
1 16685 
1 16781 
1 16788 
1 16792 
1 16797 
1 16845 
1 16865 
1 16867 
1 16917 
1 16946 
1 16955 
1 17018 
1 17021 
1 17047 
1 17052 
1 17089 
1 17108 
1 17113 
1 17153 
1 17184 
1 17191 
1 17227 
1 17232 
1 17323 
1 17341 
1 17345 
1 17386 
1 17388 
1 17396 
1 17398 
1 17404 
1 17409 
1 17412 
1 17430 
1 17494 
1 17502 
1 17518 
1 17520 
1 17537 
1 17577 
1 17581 
1 17589 
1 17591 
1 17601 
1 17628 
1 17634 
1 17646 
1 17660 
1 17669 
1 17678 
1 17679 
1 17706 
1 17756 
1 17782 
1 17808 
1 17824 
1 17840 
1 17847 
1 17855 
1 17856 
1 17883 
1 17885 
1 17894 
1 17919 
1 17926 
1 17929 
1 17959 
1 17963 
1 17968 
1 17972 
1 17986 
1 17988 
1 17998 
1 18007 
1 18025 
1 18026 
1 18052 
1 18057 
1 18077 
1 18108 
1 18124 
1 18142 
1 18175 
1 18184 
1 18186 
1 18187 
1 18192 
1 18197 
1 18204 
1 18228 
1 18233 
1 18246 
1 18264 
1 18271 
1 18305 
1 18318 
1 18322 
1 18325 
1 18336 
1 18341 
1 18346 
1 18379 
1 18380 
1 18398 
1 18402 
1 18409 
1 18416 
1 18432 
1 18433 
1 18451 
1 18460 
1 18467 
1 18468 
1 18473 
1 18478 
1 18490 
1 18505 
1 18516 
1 18539 
1 18540 
1 18564 
1 18569 
1 18590 
1 18602 
1 18624 
1 18630 
1 18633 
1 18672 
1 18674 
1 18681 
1 18694 
1 18716 
1 18722 
1 18730 
1 18738 
1 18768 
1 18790 
1 18799 
1 18813 
1 18843 
1 18852 
1 18854 
1 18855 
1 18870 
1 18912 
1 18917 
1 18925 
1 18965 
1 18982 
1 18994 
1 19031 
1 19067 
1 19093 
1 19097 
1 19099 
1 19117 
1 19132 
1 19133 
1 19156 
1 19165 
1 19196 
1 19258 
1 19269 
1 19344 
1 19352 
1 19354 
1 19359 
1 19390 
1 19397 
1 19466 
1 19505 
1 19538 
1 19544 
1 19547 
1 19556 
1 19559 
1 19586 
1 19591 
1 19611 
1 19650 
1 19677 
1 19685 
1 19696 
1 19738 
1 19739 
1 19768 
1 19781 
1 19785 
1 19817 
1 19820 
1 19865 
1 19885 
1 19903 
1 19909 
1 19915 
1 19924 
1 19925 
1 19928 
1 19964 
1 20010 
1 20079 
1 20101 
1 20142 
1 20145 
1 20188 
1 20216 
1 20243 
1 20269 
1 20319 
1 21875 
1 21876 
1 21928 
