
state={
	id=149
	name="STATE_149"

	history={
		owner = SOV
		add_core_of = SOV
		add_core_of = KMK
		victory_points = {
			18854 15 
		}
		victory_points = {
			7573 10 
		}
		victory_points = {
			7761 5 
		}
		victory_points = {
			18186 5 
		}
		victory_points = {
			18197 5 
		}
		victory_points = {
			11049 5 
		}
		victory_points = {
			3941 5 
		}
		victory_points = {
			1744 5 
		}

	}

	provinces={
		134 199 203 322 431 520 574 698 709 970 1138 1611 1691 1744 1885 1909 1952 2024 2114 2146 2191 2299 2303 2422 2428 2536 2930 3055 3097 3228 3238 3419 3517 3557 3743 3941 4193 4495 4568 4653 4748 5306 5445 5664 5666 6812 7573 7596 7761 8134 8540 8905 8942 8974 9064 9249 9324 9519 9529 9544 9675 9791 9959 10330 10514 10978 11128 11189 11222 11236 11292 11368 11450 11509 11907 11911 12501 12570 12639 12770 12954 13163 13402 13465 13556 13921 14087 14408 14463 14578 14610 14663 17867 17899 17953 17954 17980 17983 18020 18024 18037 18043 18053 18081 18093 18114 18118 18121 18135 18136 18165 18172 18186 18197 18212 18236 18245 18248 18304 18314 18343 18362 18414 18896 18925 18929 19119 19134 19141 19228 21817 21818 21834 
	}
	manpower=264210
	buildings_max_level_factor=1.000
	state_category=town
	local_supplies=0.000
}
