
state={
	id=16
	name="STATE_16"

	history={
		owner = SOV
		add_core_of = SOV
		buildings = {
			arms_factory = 3
			industrial_complex = 2
			synthetic_refinery = 3

		}
		victory_points = {
			3322 5 
		}
		victory_points = {
			7297 5 
		}
		victory_points = {
			15158 5 
		}
		victory_points = {
			158 5 
		}
		victory_points = {
			960 30 
		}
		victory_points = {
			12275 30 
		}
		victory_points = {
			8523 5 
		}
		victory_points = {
			14811 5 
		}

	}

	provinces={
		158 267 285 329 436 566 798 905 960 968 1022 1073 1258 1330 1374 1392 1452 1484 1716 1843 1887 1902 1943 2202 2227 2234 2249 2260 2528 2595 2924 2972 3030 3129 3144 3256 3322 3328 3407 3418 3520 3597 3695 3893 4399 4512 4582 4585 4891 4911 4980 5196 5289 5331 5715 5844 6026 6065 6122 6134 6257 6849 6942 6959 7002 7129 7149 7193 7297 7482 7486 7505 7673 7966 7990 8113 8382 8384 8464 8523 8809 8812 8910 9123 9221 9444 9513 9537 9705 9724 9841 9949 10092 10133 10202 10213 10543 10561 10580 10615 10627 10750 10930 11019 11124 11136 11254 11494 11594 11626 11637 11819 11996 12100 12135 12250 12275 12391 12439 12767 12796 12837 12874 12923 12935 13074 13151 13154 13205 13303 13374 13422 13697 13699 13792 13834 13898 13925 13945 13999 14059 14142 14226 14722 14723 14724 14725 14726 14731 14744 14745 14759 14765 14766 14768 14773 14774 14778 14784 14793 14795 14799 14808 14811 14818 14836 14859 14874 14882 14883 14887 14888 14890 14893 14916 14927 14939 14962 14967 14973 14993 14995 15004 15007 15020 15042 15045 15065 15074 15092 15104 15150 15158 15185 15224 
	}
	manpower=2881002
	buildings_max_level_factor=1.000
	state_category=large_city
	local_supplies=0.000
}
