state={
	id=20
	name="STATE_20"
	history={
		owner = SOV
		add_core_of = SOV
		buildings = {
			air_base = 1
			arms_factory = 2
			industrial_complex = 1
			infrastructure = 3
		}
		victory_points = {3736 30} #Kaluga
		victory_points = {13893 5} #Kirov
		victory_points = {9343 5} #Ludinovo
		victory_points = {7287 5} #Obninsk
		victory_points = {3825 5} #Maloyaroslavec
		victory_points = {8606 5} #Zhizdra
		victory_points = {748 5} #Medin
	}


	provinces={
		64 66 125 194 223 247 307 351 355 528 668 748 857 962 1058 1140 1143 1155 1218 1253 1263 1283 1316 1334 1504 1516 1545 1584 1777 1969 2135 2187 2189 2248 2373 2380 2541 2627 2708 2820 3118 3141 3170 3209 3290 3325 3330 3459 3511 3538 3550 3576 3662 3706 3723 3736 3825 3988 4090 4146 4324 4386 4410 4630 4645 4770 4783 4819 4957 5115 5176 5255 5452 5472 5483 5828 5903 5941 6118 6203 6218 6466 6694 6724 6844 6996 7007 7022 7148 7287 7439 7569 7700 7756 7962 8201 8270 8275 8310 8527 8606 8692 8713 8744 8819 8846 8924 8962 9129 9197 9325 9343 9377 9456 9584 9595 9602 9650 9805 9822 9849 9976 10055 10064 10158 10165 10515 10532 10625 10765 11248 11414 11536 11854 11902 11943 11948 12076 12427 12564 12620 12636 12724 12860 12994 13017 13086 13089 13137 13359 13479 13481 13546 13812 13872 13893 13916 13954 14395 14493 14494 14517 14588 14830 14832 14862 14864 14869 14915 14928 14931 14946 14966 14972 15008 15029 15041 15053 15054 15062 15079 15100 15124 15145 15147 15168 15174 15184 15206 15226 15231 15232 15244 15247 15262 15277 15278 15300 15310 15322 15323 15329 15338 15369 15371 15393 15395 15433 15437 15461 15463 15464 15498 15504 15507 15541 15544 15610 15628 15663 15673 15696 15699 15709 15770 
	}
	manpower=1070264
	buildings_max_level_factor=1.000
	state_category = town
}
