state={
	id=256
	name="STATE_256"
	resources={
		steel = 124
		aluminium = 18
	}
	history={
		owner = SOV
                add_core_of = SOV
		buildings = {
			19538 = {
				naval_base = 1
			}
			4602 = {
				naval_base = 1
			}
			air_base = 8
			industrial_complex = 3
			arms_factory = 3
			
			infrastructure = 2
			dockyard = 2
			anti_air_building = 1
		}

		victory_points = {10820  30} # Krasnodar
		victory_points = {2420 5} # Karasunskiy Okrug
		victory_points = {19747  15} # Novorossiysk
		victory_points = {4602  5} # Vostochnyy Rayon
		victory_points = {14433  5} # Yuzhnyy Rayon
		victory_points = {14605  20} # Sochi
		victory_points = {11466  5} # Adler
		victory_points = {1231  5} # Gelendzhik
		victory_points = {6270  5} # Tuapse
		victory_points = {13857  5} # Anapa
		victory_points = {11817  5} # Supsekh
		victory_points = {8207  5} # Taman'
		victory_points = {19533  5} # Slavyansk-na-Kubani
		victory_points = {10423  5} # Timashevsk
		victory_points = {18912  5} # Kushchyovskaya
		victory_points = {957  5} # Tikhoretsk
		victory_points = {5544  5} # Kropotkin
		victory_points = {3046  5} # Armavir
		victory_points = {1293  5} # Ust-Labinsk
		victory_points = {19707  5} # Belorechensk
		victory_points = {19740  20} # Maykop
		victory_points = {19696  5} # Labinsk
	}
	provinces={
		43 47 75 133 181 195 268 316 371 447 560 621 685 691 693 696 725 766 767 789 835 838 842 957 1019 1070 1104 1129 1199 1209 1231 1247 1267 1272 1293 1299 1314 1336 1357 1360 1364 1412 1421 1428 1436 1463 1473 1490 1541 1600 1608 1621 1665 1676 1684 1692 1695 1833 1879 1883 1986 2034 2037 2133 2158 2266 2271 2289 2356 2403 2420 2427 2513 2559 2599 2623 2639 2731 2741 2757 2761 2768 2782 2788 2802 2833 2857 2859 2886 2916 2987 3001 3002 3004 3016 3020 3043 3046 3062 3119 3212 3258 3275 3399 3411 3432 3472 3486 3506 3525 3526 3584 3589 3600 3617 3624 3685 3691 3708 3764 3777 3783 3785 3801 3807 3858 3877 3878 3885 3892 3930 3948 4045 4063 4136 4138 4156 4174 4269 4301 4384 4405 4457 4602 4674 4682 4740 4761 4826 4827 4927 4983 4989 5000 5075 5080 5089 5141 5164 5190 5299 5338 5367 5379 5421 5443 5484 5486 5496 5500 5506 5507 5521 5530 5536 5544 5624 5667 5684 5716 5737 5860 5959 5992 6017 6021 6042 6076 6093 6104 6192 6212 6270 6272 6283 6338 6387 6570 6576 6621 6623 6635 6638 6642 6651 6653 6770 6893 6962 6993 7018 7073 7112 7180 7192 7215 7226 7254 7426 7457 7489 7513 7560 7567 7588 7620 7626 7651 7683 7708 7738 7757 7777 7839 7898 7899 7932 7971 8030 8126 8151 8182 8204 8207 8306 8351 8393 8462 8495 8512 8526 8534 8675 8745 8802 8835 8872 8903 8921 8923 8950 8980 8981 8995 9017 9056 9058 9119 9125 9140 9158 9188 9329 9369 9409 9411 9454 9487 9488 9496 9552 9654 9670 9711 9712 9813 9884 9903 9909 9918 9936 10023 10034 10050 10058 10076 10128 10130 10141 10176 10185 10278 10293 10301 10309 10320 10327 10341 10345 10402 10423 10427 10434 10489 10504 10556 10562 10575 10577 10586 10602 10659 10692 10729 10794 10796 10798 10799 10820 10881 10923 10972 11037 11108 11160 11233 11298 11322 11371 11377 11434 11438 11459 11461 11466 11489 11492 11513 11567 11572 11585 11604 11617 11650 11662 11690 11779 11784 11792 11798 11814 11825 11830 11921 11953 11960 11985 11998 12036 12086 12089 12122 12186 12242 12278 12331 12335 12366 12377 12386 12407 12485 12486 12500 12536 12551 12616 12640 12681 12698 12706 12709 12790 12807 12815 12841 12915 12987 13061 13063 13071 13077 13116 13122 13125 13148 13181 13219 13266 13331 13340 13379 13382 13480 13484 13494 13498 13539 13569 13573 13575 13608 13612 13613 13620 13660 13669 13740 13783 13786 13798 13857 13882 13887 13891 13929 13965 14000 14045 14049 14071 14081 14082 14085 14112 14118 14159 14180 14326 14349 14401 14433 14445 14490 14499 14523 14524 14543 14563 14597 14605 18810 18820 18837 18860 18863 18874 18901 18912 18933 18938 18943 18961 18969 18978 18984 19001 19014 19015 19018 19019 19020 19035 19041 19043 19046 19065 19066 19074 19076 19079 19086 19089 19107 19120 19123 19139 19140 19145 19147 19155 19173 19174 19176 19184 19213 19217 19218 19220 19224 19225 19227 19232 19237 19252 19259 19265 19268 19276 19277 19285 19293 19296 19300 19316 19321 19324 19341 19348 19351 19355 19375 19379 19382 19392 19402 19405 19406 19424 19425 19426 19427 19431 19433 19437 19449 19451 19456 19458 19464 19471 19473 19477 19479 19487 19499 19500 19502 19514 19516 19519 19530 19533 19538 19539 19552 19564 19565 19570 19571 19572 19597 19604 19617 19624 19625 19644 19646 19653 19659 19660 19687 19696 19704 19707 19713 19714 19720 19729 19732 19735 19736 19740 19747 19748 19759 19765 19768 19782 19783 19785 19789 19790 19804 19810 19812 19814 19827 19832 19834 19840 19846 19849 19856 19861 19877 19880 19883 19889 19906 19909 19918 19919 19921 19950 19964 19968 19978 19979 19995 19996 20020 20021 20031 20042 20054 20069 20310 21832 21833 21836 21838 21858 21859 21857 21763 21850 21862 21764 21853
	}
	manpower=5818377
	buildings_max_level_factor=4.000
	state_category = large_city
}
