state={
	id=27
	name="STATE_27"
	resources={
		steel = 22
	}
	history={
		owner = BLR
		buildings = {
            infrastructure = 2
            industrial_complex = 2
            arms_factory = 1
			air_base = 1
        }
		
        victory_points = { 5989 30 }	#Grodno
        victory_points = { 11596 20 }	#Lyda
        victory_points = { 7872 10 }	#Novogrudok
        victory_points = { 15210 10 }	#Smorgon
        victory_points = { 11370 10 }	#Slonim
        victory_points = { 12722 10 }	#Vawkavysk
	}
	provinces={
		188 530 556 672 760 915 919 987 1025 1098 1136 1255 1326 1363 1430 1494 1597 1610 1700 1816 1868 1918 2300 2319 2474 2581 2592 2724 3206 3308 3587 3692 3759 4133 4181 4338 4341 4394 4476 4661 4745 4855 4972 4987 5047 5140 5157 5268 5533 5561 5633 5673 5803 5898 5989 6195 6240 6383 6528 6846 7032 7139 7179 7203 7277 7372 7391 7432 7478 7498 7718 7829 7872 8011 8074 8190 8418 8453 8887 8899 9111 9126 9219 9269 9276 9336 9523 9545 9573 9961 9982 10006 10069 10136 10170 10233 10266 10307 10446 10486 10813 10834 10847 10891 11149 11216 11332 11369 11370 11458 11501 11596 11633 11761 11828 11843 11867 12096 12167 12599 12722 12727 12803 12836 12870 12885 13139 13158 13184 13397 13429 13466 13504 13537 13586 13830 13832 14063 14078 14333 14457 14467 14644 15024 15078 15128 15210 15222 15230 15306 15362 15366 15373 15412 15424 15444 15448 15454 15481 15493 15497 15514 15538 15562 15579 15586 15589 15612 15618 15642 15688 15723 15730 15731 15748 15754 15760 15779 15780 15795 15802 15822 15831 15832 15851 15870 15880 15886 15900 15916 15950 15996 
	}
	manpower=1006614
	buildings_max_level_factor=1.000
	state_category = city
}
