state={
	id=270
	name="STATE_270"
	history={
		owner = SOV
        add_core_of = SOV
		buildings = {
			arms_factory = 2
			industrial_complex = 2
			infrastructure = 2
		}

		victory_points = {9758 30} # Northern Stavropol
		victory_points = {8027 30} # Southern Stavropol
		victory_points = {12875 15} # Pyatigorsk
		victory_points = {7734  5} # Essentuki
		victory_points = {8929  5} # Kislovodsk
		victory_points = {2167   5} # Divnoe
		victory_points = {8993  5} # Ipatovo
		victory_points = {19156  5} # Krasnogvardeiskoe
		victory_points = {3640   5} # Novoalexandrovsk
		victory_points = {642  5} # Sol'nechnodol'sk
		victory_points = {19359  5} # Izobilny
		victory_points = {8832 5} # Nevinnomyssk
		victory_points = {8841  5} # Arzgir
		victory_points = {3505  5} # Levolumskoe
		victory_points = {19505  5} # Budyonnovsk
		victory_points = {2027  5} # Praskoveya
		victory_points = {8765  5} # Zelenokumsk
		victory_points = {14328 5} # Georgiyevsk
		victory_points = {10686  5} # Sevtlograd
		victory_points = {19352  5} # Grachevka
		victory_points = {8336  5} # Aleksandrovskoe
		victory_points = {13611  5} # Kursavka
		victory_points = {10587  5} # Blagodarny
		victory_points = {7397  5} # Voznesenovskoe
	}
	provinces={
		111 152 153 168 238 347 376 397 418 441 449 482 494 504 526 535 597 606 635 642 662 666 715 732 843 889 944 949 1031 1033 1086 1103 1119 1213 1235 1240 1327 1468 1573 1595 1645 1713 1756 1984 2020 2027 2064 2079 2092 2167 2168 2173 2203 2326 2330 2400 2404 2438 2497 2593 2634 2667 2676 2748 2756 2800 2852 2962 2970 3040 3048 3059 3134 3183 3207 3380 3431 3433 3435 3454 3467 3505 3523 3579 3616 3640 3666 3845 3911 3961 4025 4129 4194 4209 4316 4323 4470 4488 4498 4526 4553 4555 4669 4749 4750 4773 4893 4894 4915 4948 4991 5062 5217 5252 5284 5354 5362 5400 5408 5470 5509 5514 5577 5607 5636 5836 5848 5872 5945 5951 5985 6101 6112 6137 6299 6390 6447 6477 6484 6584 6608 6637 6735 6820 6972 7076 7097 7098 7107 7141 7187 7284 7324 7390 7397 7402 7520 7544 7586 7614 7640 7666 7734 7781 7803 7834 7837 7889 7897 7900 7920 7935 8002 8008 8027 8123 8155 8269 8277 8307 8332 8336 8350 8415 8424 8428 8459 8501 8504 8525 8548 8564 8586 8609 8631 8656 8668 8701 8711 8715 8722 8754 8765 8832 8841 8854 8878 8929 8984 8993 9038 9061 9154 9185 9224 9254 9256 9281 9353 9428 9439 9492 9603 9623 9664 9690 9694 9758 9806 9879 9917 9947 10031 10038 10077 10086 10089 10140 10144 10177 10182 10192 10240 10379 10421 10475 10529 10544 10572 10587 10592 10611 10635 10681 10686 10740 10766 10778 10788 10844 10899 10927 10975 10977 10993 11001 11003 11074 11089 11102 11121 11137 11182 11232 11285 11296 11325 11429 11437 11510 11639 11671 11703 11733 11774 11775 11820 11826 11832 12021 12079 12146 12207 12347 12428 12494 12503 12510 12567 12581 12592 12617 12649 12716 12875 12882 12895 12949 13054 13180 13274 13281 13285 13409 13417 13474 13540 13553 13611 13618 13704 13717 13739 13771 13789 13799 13802 13823 13833 13858 13901 13915 13917 13936 13985 14013 14048 14057 14066 14070 14076 14088 14150 14203 14328 14334 14388 14406 14451 14452 14504 14536 14643 14660 18953 19016 19026 19029 19052 19054 19080 19092 19097 19108 19121 19125 19154 19156 19158 19159 19167 19169 19187 19189 19190 19193 19204 19205 19209 19219 19234 19245 19248 19250 19254 19263 19266 19269 19275 19278 19282 19283 19286 19287 19290 19294 19297 19305 19312 19313 19314 19315 19317 19318 19325 19338 19349 19352 19356 19359 19360 19363 19366 19369 19372 19376 19384 19385 19386 19393 19401 19414 19420 19421 19423 19428 19434 19435 19442 19443 19445 19447 19452 19457 19459 19463 19474 19482 19488 19494 19495 19503 19505 19517 19522 19523 19525 19532 19534 19536 19546 19550 19555 19560 19567 19588 19605 19607 19613 19627 19632 19638 19641 19647 19661 19662 19666 19670 19677 19681 19686 19690 19697 19698 19699 19700 19711 19715 19718 19749 19761 19770 19771 19774 19778 19786 19798 19800 19808 19815 19824 19835 19838 19843 19862 19874 19890 19926 21848 21837
	}
	manpower=2786281
	buildings_max_level_factor=1.000
	state_category = town
}
