state={
	id=28
	name="STATE_28"
	history={
		owner = SOV
		buildings = {
			arms_factory = 2
			industrial_complex = 4
			infrastructure = 3
		}
		victory_points = {7831 5} #Novoskovsk
		victory_points = {683 30} #Tula
		victory_points = {12550 5} #Shchyokino
		victory_points = {6773 5} #Suvorov
		victory_points = {1125 5} #Uzlovaya
		victory_points = {14652 5} #Yefremov
		victory_points = {4256 5} #Chern

	}
	provinces={
		315 483 636 683 702 721 832 849 972 985 991 1125 1200 1265 1328 1399 1577 1761 1950 2080 2137 2212 2332 2337 2553 2642 2811 2825 2840 2842 2860 2999 3192 3563 3758 3806 4130 4143 4257 4261 4271 4443 4509 4633 4689 4699 4724 4791 4798 4852 4942 5032 5044 5051 5070 5417 5528 5597 5839 5980 6281 6511 6595 6597 6683 6773 6975 7082 7164 7172 7285 7306 7369 7558 7587 7725 7831 7885 7943 7955 7979 8043 8132 8162 8187 8333 8435 8541 8571 8636 8723 8799 9002 9066 9248 9418 9458 9459 9510 9625 9648 9701 9979 10009 10033 10063 10482 10574 10637 10685 10711 11224 11225 11381 11707 11845 11855 12058 12233 12254 12265 12313 12340 12364 12550 12685 12703 13128 13328 13549 13794 13822 13825 13871 14127 14317 14323 14647 14652 14682 15015 15022 15034 15060 15067 15103 15161 15173 15176 15196 15200 15203 15218 15238 15268 15269 15302 15307 15313 15339 15343 15348 15354 15363 15391 15396 15400 15420 15421 15431 15445 15451 15460 15466 15469 15475 15482 15483 15491 15517 15533 15550 15558 15563 15572 15578 15581 15583 15601 15634 15640 15653 15674 15676 15710 15725 15764 15776 15801 
	}
	manpower=1479294
	buildings_max_level_factor=1.000
	state_category = city
}
