
state={
	id=30
	name="STATE_30"

	history={
		owner = SOV
		buildings = {
			synthetic_refinery = 3

		}

	}

	provinces={
		45 48 241 312 487 694 733 795 1021 1197 1388 1840 2317 2399 2668 3005 3037 3064 3253 3375 3634 3866 4101 4381 4395 4535 4774 5040 5084 5132 5211 6763 6775 6777 6885 6905 6938 7113 7375 7760 8321 8408 8761 9237 9784 9954 9965 10243 10438 10477 10519 10528 10559 10751 11272 11303 11654 12202 12375 12424 12808 12980 13160 13198 13311 13506 13838 13884 13911 13922 14424 14616 14641 15010 15046 15068 15080 15143 15151 15152 15163 15166 15190 15197 15201 15209 15211 15234 15237 15242 15266 15271 15273 15276 15304 15319 15355 15359 15397 15404 15488 
	}
	manpower=248782
	buildings_max_level_factor=1.000
	state_category=town
	local_supplies=0.000
}
