state={
	id=31
	name="STATE_31"
	history={
		owner = POL
		victory_points = { 9801 10 } # Elbląg
		victory_points = { 13806 20 } # Olsztyn
		victory_points = { 15182 10 } # Bartoszyce
		victory_points = { 682 15 } # Ełk
		victory_points = { 9802 15 } # Giżycko

		
		buildings = {
			industrial_complex = 2
			infrastructure = 3
		}
	}
	provinces={
		80 273 325 467 682 859 883 959 966 989 1151 1346 1356 1358 1434 1474 1953 1966 2013 2171 2238 2259 2268 2308 2309 2432 2480 2666 2783 2803 3079 3227 3239 3277 3359 3551 3688 3767 3937 4160 4501 4587 4733 4863 4920 4931 5091 5111 5262 5390 5391 5393 5476 5742 5870 5961 6143 6201 6429 6472 6604 6629 6875 6882 7019 7023 7045 7050 7051 7202 7223 7286 7322 7410 7474 7503 7581 7698 7810 7986 8024 8193 8239 8319 8358 8421 8505 8533 8939 9113 9164 9200 9316 9322 9700 9736 9801 9802 9835 9857 9878 10005 10040 10173 10250 10378 10411 10473 10554 10662 10752 10767 10925 11103 11142 11286 11382 11403 11679 12011 12121 12232 12367 12450 12474 12812 12866 12906 12952 13016 13114 13262 13720 13806 13843 13950 14038 14138 14206 14382 14423 14587 15061 15072 15105 15110 15121 15154 15160 15177 15182 15198 15205 15227 15228 15241 15245 15248 15251 15261 15287 15291 15292 15295 15312 15314 15326 15330 15353 15365 15386 15401 15407 15422 15423 15426 15427 15441 15465 15468 15472 15489 15490 15496 15499 15510 15557 15561 15571 15605 15637 21757 20426 21321 21207 21222 21756 
	}
	manpower=1423000
	buildings_max_level_factor=1.000
	state_category = city
}
