state={
	id=35
	name="STATE_35"
	resources={
		chromium = 6
	}
	history={
		owner = BLR

		buildings = {
            infrastructure = 3
            industrial_complex = 3
        }

        victory_points = { 15539 30 }	#Mogilev
        victory_points = { 4169 20 }	#Bobruisk
        victory_points = { 15633 10 }	#Krichev
        victory_points = { 15342 10 }	#Horki
	}
	provinces={
		14 69 87 510 541 675 689 697 730 813 933 1051 1093 1204 1337 1407 1518 1606 1644 1770 1838 1878 1899 1924 2015 2294 2526 2604 2819 2882 2921 2963 2975 3103 3106 3172 3250 3287 3345 3348 3440 3619 3626 3752 3837 3855 3920 4031 4169 4199 4278 4304 4516 4655 4673 4676 4739 4833 4835 4888 4901 4947 4963 5053 5348 5382 5563 5711 5833 5975 6519 6589 6688 6836 7038 7334 7341 7359 7495 7525 7622 7715 7730 7854 7983 8220 8241 8337 8396 8489 8511 8685 9109 9213 9433 9446 9633 10147 10163 10208 10305 10420 10441 10476 10694 10812 10877 10904 10952 11075 11227 11346 11440 11446 11487 11537 11632 11695 11893 11928 12001 12069 12191 12258 12259 12281 12322 12350 12438 12557 12579 12582 12584 12633 12644 12846 12959 13055 13117 13332 13357 13562 13579 13716 13754 14023 14181 14293 14419 14444 14477 14573 14620 14634 15342 15374 15379 15390 15402 15429 15449 15456 15474 15479 15503 15511 15522 15527 15539 15540 15543 15549 15577 15587 15600 15603 15620 15633 15646 15649 15662 15667 15672 15681 15684 15702 15703 15712 15715 15716 15717 15732 15734 15735 15739 15743 15749 15750 15751 15762 15783 15787 15811 15814 15816 15833 15844 15866 15871 15876 15902 15904 15963 16018 16074 21784
	}
	manpower=1000845
	buildings_max_level_factor=1.000
	state_category = large_town
}
