state={
	id=350
	name="STATE_350"
	history={
		owner = SOV
        add_core_of = SOV
		add_core_of = KCA
	}
	provinces={
		28 33 94 983 1184 1303 1448 1818 1820 1898 1964 2272 2532 2681 2723 2772 2807 2887 2945 3120 3199 3347 3406 4149 4765 4926 5022 5058 5676 5709 5747 5868 6013 6087 6354 6446 6782 6864 6907 7100 7370 7404 7548 7554 7604 7633 7840 8539 8749 8900 9035 9187 9232 9423 9850 9953 10237 10398 10474 10508 10527 10693 11096 11231 11447 12243 12429 12922 13082 13121 13155 13485 13683 13845 13886 14215 14301 19773 19792 19797 19805 19837 19859 19898 19929 19933 19936 19943 19951 19958 19961 19982 19987 19991 19993 20003 20007 20017 20036 20055 20057 20058 20070 20072 20078 20079 20085 20087 20089 20105 20107 20108 20110 20112 20113 20127 20142 21866
	}
	manpower=468336
	buildings_max_level_factor=1.000
	state_category = large_town
}
