
state={
	id=39
	name="STATE_39"

	history={
		owner = SOV
		victory_points = {
			427 15 
		}
		victory_points = {
			15718 5 
		}
		victory_points = {
			1521 5 
		}
		victory_points = {
			15905 5 
		}
		buildings = {
			air_base = 1
			industrial_complex = 3
			arms_factory = 2
			infrastructure = 3

		}
		victory_points = {
			8472 30 
		}
		victory_points = {
			14361 15 
		}
		victory_points = {
			16178 15 
		}
		victory_points = {
			16254 5 
		}

	}

	provinces={
		30 84 116 172 344 427 452 491 601 627 633 935 971 1097 1159 1226 1282 1344 1401 1633 1855 1860 1912 1949 2157 2346 2481 2485 2511 2726 2774 2777 2892 2977 3171 3242 3390 3443 3479 3499 3721 4011 4077 4110 4164 4212 4366 4372 4379 4400 4414 4468 4494 4665 4698 4831 4883 4903 4956 5028 5052 5081 5123 5128 5133 5148 5202 5294 5364 5463 5473 5605 5629 5708 5826 5869 6023 6086 6149 6216 6344 6558 6560 6640 6714 6726 6738 6784 7031 7174 7208 7280 7534 7562 7583 7637 7650 7729 7910 7923 7958 7961 8005 8070 8101 8214 8361 8442 8472 8485 8535 8734 8743 8755 8759 8898 8970 9372 9395 9403 9634 9894 9899 9956 10066 10354 10368 10449 10566 10656 10657 10730 10797 10870 11006 11046 11152 11203 11276 11337 11454 11490 11539 11840 11906 12000 12040 12082 12108 12164 12218 12272 12385 12394 12554 12555 12612 12619 12668 12695 12852 12898 13045 13111 13273 13560 13616 13656 13665 13702 13755 13784 13808 13841 13956 14175 14189 14235 14355 14361 14409 14603 15528 15529 15624 15644 15659 15677 15686 15718 15724 15755 15800 15817 15834 15862 15863 15883 15898 15905 15914 15918 15919 15935 15941 15944 15952 15961 15971 15976 15982 15985 15995 15998 16003 16030 16032 16040 16044 16064 16069 16088 16117 16122 16169 16174 16178 16188 16189 16200 16210 16231 16232 16260 16313 
	}
	manpower=1089042
	buildings_max_level_factor=1.000
	state_category=city
	local_supplies=0.000
}
