
state={
	id=42
	name="STATE_42"
	resources={
		steel=48.000
	}

	history={
		owner = SOV
		add_core_of = SOV
		buildings = {
			synthetic_refinery = 3
			infrastructure = 2

		}

	}

	provinces={
		113 391 816 1210 1423 1442 2008 2097 2591 2625 3124 3476 3689 4095 4211 4404 4616 4919 5395 6049 6129 6229 6568 7191 7339 7675 7842 7904 7987 8072 8152 8288 8445 8454 9136 11326 11418 11597 11668 11865 11926 12114 12400 14252 14618 15597 15616 15632 15660 15690 15707 15713 15746 15765 15774 15781 15798 15809 15825 15840 15850 15853 15858 15878 15881 15892 15895 15937 
	}
	manpower=1143535
	buildings_max_level_factor=1.000
	state_category=town
	local_supplies=0.000
}
