state={
	id=423
	name="STATE_423"
	history={
		owner = SOV
		victory_points = {11421 30} #Penza
	}
	provinces={
		110 157 212 242 343 433 713 743 803 867 897 1007 1181 1296 1307 1335 1435 1629 1659 1834 1917 2011 2213 2280 2296 2329 2470 2798 2826 2931 2936 3102 3217 3902 3968 4013 4073 4122 4286 4302 4363 4450 4594 4649 4859 4897 4898 5042 5218 5310 5317 5758 6000 6014 6059 6301 6378 6481 6502 6515 6545 6686 6704 6758 6804 6943 7089 7090 7143 7216 7300 7349 7393 7396 7506 7576 7699 7743 7816 7857 8068 8371 8405 8458 8508 8520 8582 8599 8605 8777 8894 8964 9090 9208 9243 9413 9607 9614 9656 9660 9742 9756 9794 9900 9952 10008 10082 10174 10265 10300 10337 10546 10553 10667 10701 10760 10803 10864 10887 11198 11206 11251 11252 11328 11353 11421 11449 11476 11587 11595 11647 11962 11974 12009 12032 12048 12116 12193 12471 12694 12705 12744 13123 13162 13231 13235 13324 13528 13570 13606 13743 13851 13895 14113 14284 14298 14576 15220 15250 15272 15294 15320 15327 15334 15341 15352 15381 15385 15394 15409 15414 15419 15435 15453 15457 15458 15473 15478 15494 15501 15505 15508 15515 15524 15537 15542 15567 15570 15585 15588 15591 15596 15604 15613 15622 15629 15645 15647 15651 15669 15679 15680 15682 15683 15693 15721 15728 15741 15752 15773 15777 15791 15830 15857 15891 21783
	}
	manpower=468336
	buildings_max_level_factor=1.000
	state_category = town
}
