state={
	id=424
	name="STATE_424"
	history={
		owner = BLR

		buildings = {
            infrastructure = 4
            industrial_complex = 6
            arms_factory = 3
            air_base = 2
        }
		
        victory_points = { 6977 50 }	#Minsk
        victory_points = { 15367 18 }	#Barysav
        victory_points = { 15411 12 }	#Zhodino 
        victory_points = { 15599 12 }	#Dzyarzhynsk
        victory_points = { 4887 6 }	#Stowbtsy
        victory_points = { 14302 10 }	#Marjina Horka
        victory_points = { 5762 8 }	#Berazino
        victory_points = { 7808 20 }	#Salihorsk
        victory_points = { 9394 3 }	#Slutsk
        victory_points = { 11630 5 }	#Kletsk
        victory_points = { 1173 3 }	#Bobr
        victory_points = { 12580 3 }	#Krupki
        victory_points = { 15606 6 }	#Chervien
        victory_points = { 6615 8 }	#Machulishchy
        victory_points = { 10781 8 }	#Lyuban
	}
	provinces={
		129 146 222 239 309 356 406 746 752 771 923 925 942 1036 1148 1176 1232 1351 1582 1836 1904 1938 2010 2076 2153 2211 2236 2265 2302 2333 2384 2515 2577 2694 2827 3025 3036 3127 3264 3336 3357 3461 3480 3495 3515 3611 3839 4070 4339 4428 4590 4620 4631 4823 4887 4962 5145 5150 5412 5562 5669 5683 5762 5805 5881 5947 6033 6107 6124 6217 6252 6264 6495 6524 6615 6650 6743 6827 6977 7108 7119 7171 7463 7472 7483 7659 7661 7697 7793 7808 7907 7941 7978 8237 8256 8360 8562 8616 8678 8747 9036 9039 9074 9092 9098 9144 9163 9318 9326 9386 9394 9434 9816 10085 10412 10523 10723 10777 10781 11131 11146 11155 11283 11338 11477 11566 11578 11630 11755 11787 11842 12236 12311 12580 12608 12697 12816 12853 12914 13030 13092 13152 13297 13325 13336 13426 13764 13767 13800 14031 14115 14117 14289 14302 14428 14458 14472 14541 14671 15254 15316 15367 15376 15387 15392 15411 15428 15455 15485 15486 15500 15506 15531 15535 15536 15545 15552 15556 15566 15569 15590 15599 15606 15609 15621 15623 15648 15654 15658 15689 15705 15714 15768 15803 15808 15842 15843 15846 15894 15896 15901 15934 15943 15962 15978 15993 15997 16024 16039 16097 16109 16133 16142 16156 16173 16181 21790 21789 21782 21775 
	}
	manpower=2696553
	buildings_max_level_factor=1.000
	state_category = metropolis
}
