state={
	id=426
	name="STATE_426"
	history={
		owner = SOV
                add_core_of = SOV

		victory_points = {16150 30} #Saratov

	}
	provinces={
		82 112 126 167 182 386 405 485 506 548 589 622 626 651 756 761 787 790 792 911 1083 1115 1121 1156 1171 1208 1251 1264 1266 1370 1383 1393 1523 1535 1556 1592 1723 1730 1812 1841 1921 2030 2090 2109 2310 2371 2394 2453 2462 2465 2467 2529 2588 2646 2660 2815 2832 2870 2961 2981 2995 3024 3068 3092 3113 3167 3236 3409 3444 3628 3670 3677 3705 3754 3770 4008 4148 4190 4317 4364 4383 4408 4493 4511 4525 4532 4560 4563 4619 4639 4725 4763 4886 5057 5083 5110 5184 5221 5243 5401 5492 5494 5520 5704 5763 5783 5831 5962 5987 6007 6062 6160 6209 6253 6277 6282 6307 6340 6422 6490 6494 6646 6751 6797 6840 6899 6981 7033 7095 7199 7218 7247 7329 7484 7504 7509 7647 7841 7867 8022 8236 8255 8344 8345 8363 8399 8429 8463 8469 8574 8637 8648 8712 8724 8775 8817 8822 8831 8858 8883 9004 9046 9068 9130 9152 9198 9272 9406 9485 9512 9546 9555 9601 9610 9612 9646 9682 9722 9748 9783 9839 9852 9872 9876 9969 9986 10015 10016 10021 10046 10093 10142 10323 10376 10393 10405 10536 10598 10961 11050 11095 11104 11141 11238 11253 11351 11360 11374 11385 11508 11623 11724 11750 11770 11924 11938 11983 11992 12039 12140 12196 12198 12206 12286 12294 12302 12378 12509 12535 12586 12660 12748 12831 12872 12891 12921 13036 13044 13129 13156 13174 13208 13216 13223 13381 13415 13446 13508 13519 13548 13589 13664 13868 14248 14340 14352 14364 14449 14481 14556 14590 14599 14622 14636 14667 15823 15849 15867 15907 15908 15926 15930 15939 15940 15947 15953 15954 15965 15974 15979 15980 15989 15999 16008 16013 16014 16020 16022 16031 16055 16065 16078 16079 16081 16086 16090 16094 16105 16112 16115 16125 16126 16131 16137 16145 16150 16153 16154 16157 16164 16168 16171 16172 16175 16187 16193 16204 16212 16223 16236 16237 16245 16246 16247 16248 16266 16272 16276 16279 16284 16317 16319 16325 16329 16333 16339 16349 16358 16360 16368 16372 16383 16387 16400 16401 16414 16443 16459 16461 16463 16468 16469 16481 16493 16496 16497 16509 16529 16536 16538 16586 
	}
	manpower=1180725
	buildings_max_level_factor=1.000
	state_category = town
}
