state={
	id=428
	name="STATE_428"
	history={
		owner = SOV
		add_core_of = SOV
	}
	provinces={
		68 196 304 381 477 521 723 855 881 908 909 916 917 932 1236 1318 1449 1538 1559 1590 1686 1753 1765 1772 1810 1839 2029 2156 2166 2220 2267 2335 2492 2518 2561 2587 2606 2622 2771 2838 3039 3121 3270 3301 3318 3332 3364 3384 3501 3503 3537 3594 3660 3776 3862 3869 3916 4097 4098 4100 4180 4214 4230 4235 4258 4313 4425 4486 4618 4708 5048 5177 5249 5324 5351 5368 5430 5499 5790 5908 5923 6064 6100 6105 6136 6141 6186 6305 6320 6329 6531 6557 6565 6626 6915 7102 7305 7477 7526 7641 7711 7720 7774 7866 7886 7974 8023 8054 8174 8432 8449 8524 8686 8785 9005 9077 9149 9207 9262 9295 9380 9629 9678 9916 9985 10032 10113 10114 10326 10340 10522 10716 10808 10918 11151 11167 11243 11244 11245 11364 11387 11441 11521 11591 11629 11720 12246 12361 12491 12588 12635 13008 13062 13126 13138 13191 13193 13214 13391 13393 13522 13694 13938 13975 13977 13992 14017 14020 14273 14331 14332 14337 14353 14500 14580 14679 16549 16556 16562 16567 16568 16579 16585 16590 16597 16612 16631 16637 16647 16650 16654 16664 16675 16682 16686 16697 16700 16704 16709 16718 16725 16730 16735 16739 16740 16771 16774 16775 16796 16818 16820 16822 16833 16839 16857 16861 16867 16873 16889 16894 16921 16923 16947 16954 16956 16957 16969 16974 16978 16979 16985 16988 17013 17020 17027 17031 17032 17048 17068 17072 17076 17094 17099 17124 17134 17155 17169 17182 17204 17216 17217 17244 17316 21802
	}
	manpower=2404198
	buildings_max_level_factor=1.000
	state_category = town
}
