state={
	id=429
	name="STATE_429"
	resources={
		steel = 76
		aluminium = 10
		chromium = 28
	}
	history={
		owner = SOV
                add_core_of = SOV
		buildings = {
            industrial_complex = 1
			arms_factory = 1
			
			infrastructure = 3
		}

		
        victory_points = { 4322 30 }	#Volgograd
        victory_points = { 1118 20 }	#Volzhskiy
        victory_points = { 17756 10 }	#Surovikino
		victory_points = {17465 5} #Ilovlja
		victory_points = {4376 20} #Kalacs-na-Donu
		victory_points = {3414 5} #Kotyelnyikovo
		victory_points = {9955 5} #Tormosin
		victory_points = {17679 5} #Lysov
		victory_points = {727 5} #Pallaszovka
		victory_points = {4331 5} #Frolovo
		victory_points = {2128 5} #Mihajlovka
		victory_points = {9220 5} #Oktyabriszkij

	}
	provinces={
		39 62 220 224 276 289 303 368 385 448 453 457 461 479 654 660 680 701 727 753 778 840 844 864 868 978 1015 1059 1085 1109 1118 1137 1161 1190 1238 1249 1329 1338 1339 1380 1419 1431 1466 1499 1637 1670 1678 1689 1708 1751 1809 1847 1848 1872 1922 1954 1974 2049 2058 2121 2128 2190 2219 2434 2482 2487 2506 2512 2520 2551 2552 2567 2568 2614 2645 2736 2738 2794 2854 2942 2968 2969 2982 3132 3205 3224 3243 3263 3368 3373 3414 3423 3469 3481 3494 3558 3596 3635 3672 3681 3694 3697 3784 3803 3824 3851 3906 3959 3992 4006 4076 4117 4273 4276 4322 4331 4361 4376 4398 4421 4481 4515 4523 4547 4551 4558 4606 4615 4617 4643 4711 4753 4794 4801 4814 4824 4978 5043 5059 5109 5114 5153 5200 5208 5261 5304 5325 5399 5426 5444 5529 5585 5600 5621 5652 5697 5798 6029 6061 6151 6207 6228 6326 6332 6419 6508 6509 6594 6605 6657 6701 6755 6771 6801 6838 6902 7028 7124 7207 7229 7230 7401 7418 7441 7616 7684 7736 7739 7824 7848 8090 8145 8232 8249 8262 8276 8292 8322 8325 8335 8353 8362 8365 8397 8411 8414 8487 8491 8635 8652 8733 8756 8797 8825 8896 8907 9003 9006 9054 9075 9105 9170 9189 9220 9239 9257 9263 9275 9289 9305 9307 9368 9373 9505 9526 9567 9639 9751 9785 9842 9864 9927 9955 10030 10047 10115 10154 10157 10193 10221 10315 10338 10390 10497 10535 10540 10609 10861 10874 10882 11060 11071 11264 11271 11416 11425 11436 11479 11514 11522 11533 11542 11584 11599 11672 11677 11678 11692 11723 11781 11795 11860 11904 11920 11925 11978 11994 12017 12183 12212 12317 12324 12475 12492 12523 12629 12638 12679 12771 12800 12804 12909 12947 12951 13026 13079 13097 13127 13170 13197 13215 13269 13280 13286 13427 13440 13493 13542 13677 13678 13761 13819 13863 13865 13875 13924 13940 14006 14114 14160 14168 14211 14214 14251 14264 14283 14300 14312 14329 14335 14347 14515 14538 14574 14631 14633 14646 14648 14657 14659 14677 14685 16760 16806 16815 16879 16898 16901 16941 16953 16961 16991 16992 16993 16995 17003 17053 17057 17067 17091 17104 17127 17133 17137 17138 17144 17147 17162 17167 17188 17196 17201 17203 17207 17211 17212 17215 17231 17233 17237 17243 17245 17264 17266 17272 17274 17286 17300 17308 17327 17337 17344 17351 17353 17360 17362 17372 17373 17376 17378 17406 17411 17417 17422 17424 17434 17452 17453 17461 17463 17465 17475 17484 17486 17487 17491 17492 17496 17501 17512 17516 17517 17522 17532 17534 17535 17544 17545 17559 17563 17571 17573 17576 17580 17583 17599 17613 17616 17621 17646 17649 17659 17664 17668 17673 17679 17685 17691 17705 17714 17725 17744 17749 17756 17768 17769 17779 17786 17816 17817 17818 17835 17836 17843 17849 17863 17874 17882 17886 17905 17922 17930 17940 17942 17964 17978 18012 18058 18080 18086 18132 18162 18164 18171 18235 18243 21807 21812 21811
	}
	manpower=2468877
	buildings_max_level_factor=1.000
	state_category = metropolis
}
