state={
	id=43
	name="STATE_43"
	history={
		owner = POL
		
		buildings = {
			industrial_complex = 1
			arms_factory = 1
			infrastructure = 2
		}
	}
	provinces={
		259 382 652 740 885 921 988 1008 1046 1183 1219 1284 1498 1524 1598 1666 1757 1995 2284 2342 2458 2519 2709 2947 3094 3367 3402 3811 3957 4128 4152 4347 4374 4544 4576 5277 5339 5608 6048 6237 6295 6358 6436 6479 6644 6790 6851 7140 7316 7609 7636 7929 8080 8107 8385 8823 8849 9060 9370 9375 9960 9996 10258 10264 10531 10833 11025 11170 11327 11657 11722 11763 11986 12139 12403 12556 12784 13352 13428 13530 13581 13583 13805 13815 13870 13983 14050 14316 14480 14624 15726 15727 15737 15745 15753 15759 15761 15767 15772 15775 15793 15799 15810 15838 15841 15869 15874 15875 15882 15910 15928 15948 15970 15984 15990 16001 16015 16028 
	}
	manpower=1567000
	buildings_max_level_factor=1.000
	state_category = city
}
