
state={
	id=430
	name="STATE_430"

	history={
		owner = SOV
		add_core_of = SOV
		victory_points = {
			155 30 
		}
		victory_points = {
			14018 15 
		}
		victory_points = {
			12354 15 
		}
		victory_points = {
			1289 15 
		}
		victory_points = {
			2514 15 
		}
		victory_points = {
			12883 15 
		}
		victory_points = {
			4842 15 
		}
		victory_points = {
			6569 5 
		}
		victory_points = {
			12443 5 
		}
		victory_points = {
			18433 5 
		}
		victory_points = {
			2548 5 
		}
		victory_points = {
			14155 5 
		}
		victory_points = {
			160 5 
		}
		victory_points = {
			7791 5 
		}
		victory_points = {
			5761 5 
		}
		victory_points = {
			5640 5 
		}
		victory_points = {
			18336 5 
		}
		victory_points = {
			18142 5 
		}
		victory_points = {
			14077 5 
		}
		victory_points = {
			17926 5 
		}
		victory_points = {
			958 5 
		}
		victory_points = {
			2081 5 
		}
		victory_points = {
			5451 5 
		}
		buildings = {
			air_base = 4
			industrial_complex = 3
			arms_factory = 1
			anti_air_building = 1
			dockyard = 2
			7791 = {
				naval_base = 5

			}
			infrastructure = 3

		}

	}

	provinces={
		7 23 25 31 76 105 160 164 165 197 232 301 319 332 396 423 438 505 534 565 594 643 671 687 712 728 779 808 854 871 882 896 958 992 1014 1023 1038 1078 1101 1135 1145 1206 1289 1308 1386 1492 1493 1503 1579 1663 1699 1709 1742 1799 1852 1880 1901 2045 2081 2082 2095 2100 2148 2155 2253 2276 2374 2410 2431 2442 2498 2514 2548 2654 2682 2692 2714 2729 2790 2828 2831 2874 2879 2897 2899 2905 2911 2973 2979 3017 3122 3153 3154 3198 3303 3374 3412 3421 3566 3607 3609 3614 3663 3671 3676 3680 3751 3779 3786 3831 3844 3921 3939 3940 4020 4134 4221 4242 4260 4264 4265 4285 4367 4390 4397 4440 4451 4530 4536 4575 4578 4579 4597 4603 4732 4772 4795 4818 4837 4842 4878 4906 4908 4943 4960 4967 5017 5088 5149 5251 5283 5291 5293 5303 5312 5328 5373 5386 5403 5407 5420 5427 5451 5540 5596 5609 5626 5640 5642 5647 5660 5689 5749 5761 5819 5840 5849 5915 5920 5954 5968 5991 6001 6002 6040 6044 6079 6108 6110 6117 6165 6181 6189 6208 6233 6246 6289 6291 6322 6351 6355 6373 6381 6396 6440 6510 6566 6569 6631 6664 6669 6709 6727 6923 6927 6935 6969 7012 7013 7015 7044 7101 7157 7168 7169 7204 7210 7245 7262 7279 7314 7344 7347 7433 7460 7470 7481 7494 7497 7507 7541 7642 7712 7782 7791 7812 7820 7845 7891 7993 8028 8061 8079 8238 8316 8369 8401 8481 8506 8567 8577 8600 8632 8646 8661 8704 8753 8814 8857 8868 8947 8957 9089 9095 9114 9142 9180 9199 9206 9209 9311 9313 9337 9363 9415 9443 9464 9565 9630 9638 9905 9912 9926 9941 9963 9972 9975 10001 10004 10025 10100 10101 10135 10234 10285 10291 10312 10324 10367 10440 10443 10492 10499 10548 10564 10573 10655 10690 10696 10703 10718 10726 10749 10805 10837 10873 10916 10931 10934 11015 11041 11082 11100 11113 11119 11125 11134 11190 11193 11197 11287 11349 11359 11415 11428 11451 11464 11472 11481 11527 11548 11555 11601 11614 11615 11642 11658 11683 11697 11699 11731 11742 11857 11868 11874 11894 11923 11927 11939 11981 12019 12038 12099 12119 12149 12157 12180 12252 12268 12306 12316 12334 12354 12357 12368 12370 12389 12430 12443 12460 12478 12543 12589 12647 12657 12746 12753 12825 12829 12883 12887 12968 12970 12999 13004 13028 13072 13075 13108 13112 13202 13249 13257 13323 13378 13442 13453 13461 13497 13531 13532 13561 13566 13572 13625 13629 13644 13650 13666 13705 13814 13821 13831 13844 13867 13878 13903 13906 13913 13928 13952 13966 14007 14011 14018 14036 14077 14099 14155 14201 14210 14282 14292 14307 14310 14322 14325 14341 14348 14367 14374 14425 14446 14455 14551 14583 14628 14654 14662 14687 17561 17565 17598 17607 17672 17674 17684 17687 17694 17734 17739 17755 17765 17772 17778 17781 17785 17814 17815 17823 17831 17848 17858 17859 17860 17870 17889 17896 17906 17914 17915 17926 17934 17939 17949 18018 18019 18023 18029 18033 18041 18052 18061 18074 18077 18078 18134 18137 18142 18149 18175 18206 18210 18217 18225 18234 18242 18251 18259 18267 18268 18276 18281 18284 18308 18313 18322 18324 18330 18333 18336 18342 18353 18356 18361 18375 18382 18388 18391 18392 18395 18396 18401 18404 18411 18417 18418 18428 18433 18440 18442 18443 18449 18450 18459 18474 18487 18490 18497 18501 18507 18508 18524 18530 18534 18538 18544 18548 18558 18560 18565 18569 18573 18577 18580 18583 18588 18594 18597 18598 18601 18605 18608 18609 18613 18632 18633 18640 18671 18676 18680 18684 18688 18692 18695 18703 18704 18707 18709 18710 18713 18720 18749 18753 18754 18759 18762 18763 18776 18782 18784 18786 18798 18811 18813 18823 18848 18871 18880 18881 18888 18889 18908 18909 18924 18939 18944 18947 18948 18955 18982 18994 18998 19028 19050 19051 19084 21822 
	}
	manpower=5762661
	buildings_max_level_factor=2.500
	state_category=large_city
	local_supplies=0.000
}
