state={
	id=44
	name="STATE_44"
	history={
		owner = SOV
		buildings = {
            industrial_complex = 4
			arms_factory = 3
			infrastructure = 2
		}
		victory_points = {10770 30} #Oryol
		victory_points = {1205 5} #Znamenka
		victory_points = {2705 5} #Bolhov
		victory_points = {5447 5} #Mcensk
		victory_points = {12927 5} #Livni
		victory_points = {16072 5} #Glazunovka
		victory_points = {10787 5} #Kolpni
		victory_points = {9379 5} #Dmitrovsk-Orlovskiy
	}



	provinces={
		73 645 751 847 1128 1205 1361 1443 1458 1476 1514 1570 1625 2021 2117 2144 2208 2414 2600 2670 2705 2796 3042 3080 3358 3371 3395 3405 3484 3746 3832 3849 3918 3931 3934 4072 4091 4105 4121 4281 4292 4305 4326 4377 4484 4490 4591 4971 4999 5041 5209 5344 5350 5447 5542 5587 5859 6167 6384 6564 6614 6663 6668 6678 6741 6785 6798 6965 6985 7057 7062 7331 7351 7568 7733 7809 7859 7969 7989 8071 8118 8158 8215 8227 8516 8521 8536 8647 8695 8783 9014 9086 9271 9379 9465 9509 9684 9710 9735 9881 10166 10281 10349 10382 10639 10770 10787 10950 10964 11105 11288 11361 11391 11590 11624 11689 11980 12068 12342 12446 12587 12688 12734 12827 12927 12932 12948 13033 13136 13304 13405 13406 13471 13502 13729 13934 14041 14054 14346 14466 15763 15784 15794 15796 15806 15815 15818 15819 15839 15861 15872 15873 15915 15927 15936 15946 15958 15969 15972 15983 15987 15988 16002 16006 16007 16016 16019 16021 16050 16061 16070 16072 16104 16134 16135 16138 16140 16149 16201 16211 16216 16219 16224 16234 16291 16309 
	}
	manpower=699998
	buildings_max_level_factor=1.000
	state_category = large_city
}
