
state={
	id=45
	name="STATE_45"

	history={
		owner = BLR
		buildings = {
			infrastructure = 3
			industrial_complex = 3
			arms_factory = 1

		}
		victory_points = {
			12631 30 
		}
		victory_points = {
			16342 20 
		}
		victory_points = {
			11880 20 
		}
		victory_points = {
			9810 8 
		}
		victory_points = {
			5745 8 
		}
		victory_points = {
			13078 8 
		}
		victory_points = {
			2597 8 
		}
		victory_points = {
			8130 8 
		}
		victory_points = {
			10436 8 
		}
		victory_points = {
			16258 4 
		}
		victory_points = {
			472 2 
		}
		victory_points = {
			1548 4 
		}
		victory_points = {
			10702 4 
		}
		victory_points = {
			16465 4 
		}
		victory_points = {
			12277 4 
		}

	}

	provinces={
		16 302 350 432 472 522 600 602 791 811 929 974 996 1002 1005 1044 1117 1217 1262 1292 1432 1548 1658 1721 1773 1782 1941 1970 1993 2138 2341 2383 2597 2608 2630 2673 2702 2884 2998 3082 3196 3225 3231 3341 3413 3450 3451 3539 3570 3925 4040 4248 4447 4460 4497 4755 4813 5127 5139 5151 5181 5278 5625 5745 5787 5811 5863 5988 6019 6234 6266 6365 6376 6582 6736 6739 6772 6859 7041 7091 7110 7206 7327 7452 7634 7687 7789 7874 7933 7936 8040 8109 8130 8164 8210 8286 8304 8366 8406 8410 8493 8789 8824 9041 9043 9182 9214 9216 9240 9412 9542 9688 9810 9856 10017 10037 10272 10436 10518 10578 10702 10731 10785 10857 10946 11158 11165 11317 11324 11386 11395 11443 11467 11600 11727 11880 12050 12104 12277 12379 12426 12448 12631 12667 12677 12819 13041 13078 13169 13236 13349 13649 13778 13811 13920 13948 13973 14187 14266 14281 14658 15786 15932 15945 15975 15977 15986 16012 16026 16034 16043 16046 16060 16068 16076 16082 16087 16092 16106 16124 16127 16128 16132 16155 16161 16163 16167 16192 16194 16195 16207 16214 16226 16258 16262 16268 16271 16289 16290 16306 16307 16312 16326 16331 16338 16342 16373 16374 16377 16417 16420 16445 16450 16460 16485 21791 21792 21795 
	}
	manpower=1324027
	buildings_max_level_factor=1.000
	state_category=large_town
	local_supplies=0.000
}
