
state={
	id=46
	name="STATE_46"
	resources={
		tungsten=15.000
		oil=8.000
	}

	history={
		owner = BLR
		buildings = {
			infrastructure = 2
			industrial_complex = 3
			air_base = 1

		}
		victory_points = {
			9312 30 
		}
		victory_points = {
			2556 15 
		}
		victory_points = {
			10538 15 
		}
		victory_points = {
			975 15 
		}
		victory_points = {
			11544 10 
		}

	}

	provinces={
		233 308 536 555 699 819 846 975 1003 1029 1089 1185 1290 1486 1489 1586 1693 1702 1728 1788 1825 2129 2130 2281 2301 2449 2452 2477 2556 2558 2609 2713 2829 2841 2878 2966 2985 3026 3112 3276 3292 3304 3439 3446 3500 3583 3613 3620 3632 3791 3890 3909 4026 4054 4229 4334 4375 4409 4466 4492 4570 4613 4752 4760 4796 4865 5106 5410 5431 5437 5764 5801 5942 6030 6036 6073 6074 6238 6290 6452 6468 6480 6499 6612 6625 6676 6787 6848 6961 7056 7065 7176 7269 7302 7350 7412 7420 7451 7516 7574 7601 7963 8141 8212 8229 8301 8324 8480 8662 8667 8776 9052 9067 9082 9150 9168 9203 9312 9346 9351 9404 9479 9511 9561 9674 9686 9874 9880 9934 10108 10181 10286 10344 10399 10410 10417 10468 10494 10538 10549 10595 10636 10736 10792 10827 10829 10926 11035 11309 11313 11474 11482 11544 11589 11726 11803 11862 11991 12093 12156 12172 12208 12274 12382 12395 12441 12477 12498 12532 12541 12600 12658 12670 12775 12953 12991 12993 13000 13109 13140 13183 13245 13543 13637 13853 13978 14140 14366 14518 14544 14632 15829 15847 15852 15917 15922 15957 15959 16009 16025 16029 16042 16057 16058 16063 16071 16075 16083 16098 16102 16116 16121 16143 16144 16184 16197 16198 16199 16215 16228 16235 16243 16253 16273 16274 16275 16277 16281 16292 16303 16308 16323 16345 16348 16352 16371 16378 16388 16391 16394 16409 16412 16424 16432 16437 16441 16466 16475 16482 16486 16487 16488 16501 16503 16515 16544 16560 16563 16601 16621 21793 
	}
	manpower=1357897
	buildings_max_level_factor=1.000
	state_category=city
	local_supplies=0.000
}
