state={
	id=51
	name="STATE_51"
	resources={
		aluminium = 12
		oil = 12
	}
	history={
		owner = POL
		victory_points = { 13874 30 } # Lublin

		
		buildings = {
			industrial_complex = 2
			arms_factory = 1
			infrastructure = 2
		}
		victory_points = {138 20} #Biala Podlaska
		victory_points = {14296 15} #Chelm
		victory_points = {6682 10} #Wlodawa
		victory_points = {11786 5} #Zamosc
		victory_points = {17052 5} #Dolhobyczow
	}
	provinces={
		32 70 99 138 156 179 214 226 236 339 428 516 759 782 801 837 950 977 1123 1477 1481 1507 1806 2115 2406 2684 2732 2934 2941 3000 3022 3045 3089 3123 3200 3201 3220 3222 3286 3329 3335 3415 3473 3496 3821 3914 4126 4189 4387 4696 4990 5024 5147 5554 5628 5700 5723 5729 6154 6255 6348 6492 6587 6682 6815 6930 6955 6999 7016 7088 7205 7222 7248 7261 7278 7794 7850 7992 8006 8122 8253 8263 8265 8720 8891 8909 8998 9034 9115 9122 9155 9408 9447 9478 9483 9499 9564 9744 9779 9966 10083 10098 10236 10239 10372 10416 10516 10557 10565 10810 10828 10920 11066 11297 11448 11786 11881 12137 12151 12348 12482 12497 12798 12814 13142 13167 13222 13414 13631 13671 13722 13874 13894 13908 14043 14073 14296 14600 14664 16252 16287 16302 16334 16344 16362 16366 16375 16385 16408 16416 16421 16456 16474 16484 16494 16521 16525 16530 16565 16580 16591 16595 16603 16628 16641 16656 16715 16731 16764 16783 16792 16793 16807 16823 16850 16859 16890 16945 16948 16949 16970 16994 17029 17040 17051 17052 17069 17075 17092 17101 17113 17121 17136 
	}
	manpower=2104000
	buildings_max_level_factor=1.000
	state_category = large_city
}
