
state={
	id=52
	name="STATE_52"

	history={
		owner = SOV
		buildings = {
			arms_factory = 4
			infrastructure = 3

		}
		victory_points = {
			620 5 
		}
		victory_points = {
			963 15 
		}
		victory_points = {
			999 5 
		}
		victory_points = {
			11261 5 
		}
		victory_points = {
			10784 5 
		}
		victory_points = {
			16801 5 
		}
		victory_points = {
			11952 5 
		}
		victory_points = {
			14484 5 
		}
		victory_points = {
			4039 30 
		}

	}

	provinces={
		93 150 186 208 216 218 229 244 245 342 421 593 613 620 655 661 664 686 738 786 804 836 862 963 999 1041 1088 1142 1191 1261 1277 1301 1310 1403 1491 1540 1543 1619 1627 1651 1750 1798 1814 1827 1830 1933 1937 2007 2051 2068 2087 2127 2150 2197 2244 2246 2331 2396 2419 2430 2578 2579 2603 2657 2767 2850 2867 2877 3014 3101 3177 3203 3213 3249 3288 3343 3489 3658 3711 3725 3750 3763 3775 3794 3875 3888 3910 3913 3975 3983 3993 4039 4044 4055 4060 4062 4066 4107 4135 4207 4254 4272 4284 4442 4452 4463 4513 4533 4539 4559 4564 4622 4652 4715 4728 4736 4872 4880 4914 4959 4979 5060 5271 5301 5349 5383 5436 5552 5586 5681 5850 5858 5862 5874 5885 5950 6052 6202 6251 6335 6343 6449 6542 6645 6660 6753 6781 6830 6867 7122 7126 7430 7445 7447 7502 7508 7519 7528 7624 7737 7914 7939 7996 8050 8100 8106 8209 8223 8291 8318 8413 8479 8552 8666 8697 8792 8801 8867 8935 8968 8987 9000 9026 9027 9118 9222 9247 9273 9502 9556 9575 9621 9631 9645 9721 9754 9861 9882 9910 9967 10042 10118 10225 10261 10550 10630 10664 10747 10784 10791 10811 10814 10868 10915 11000 11091 11210 11261 11431 11435 11471 11540 11569 11646 11764 11767 11811 11851 11873 11952 12056 12074 12098 12152 12264 12269 12297 12344 12346 12387 12457 12518 12539 12645 12651 12663 12708 12729 12737 12768 12793 12854 12869 12884 12961 13005 13059 13124 13157 13192 13238 13253 13254 13291 13338 13587 13603 13655 13735 13941 13996 14053 14098 14184 14218 14232 14254 14255 14260 14291 14365 14373 14438 14475 14479 14484 14639 14650 14689 16293 16301 16310 16311 16315 16321 16328 16365 16367 16370 16384 16386 16393 16411 16413 16425 16426 16427 16428 16440 16442 16453 16454 16455 16457 16458 16477 16480 16483 16495 16499 16502 16508 16512 16517 16528 16531 16535 16545 16551 16553 16554 16561 16566 16577 16578 16581 16588 16589 16592 16602 16614 16626 16632 16636 16642 16649 16677 16680 16696 16699 16702 16706 16720 16751 16758 16801 16809 16817 16828 16849 16860 16865 16877 16884 16907 16909 16920 16937 16938 16952 16966 16971 16972 16973 16990 17012 17016 17017 17038 17041 17060 17066 17096 17119 17123 17140 17146 17181 17185 17200 17209 17253 17263 17285 17307 17318 17379 21796 
	}
	manpower=2251614
	buildings_max_level_factor=1.000
	state_category=town
	local_supplies=0.000
}
