state={
	id=59
	name="STATE_59"
	history={
		owner = SOV
        add_core_of = SOV


	}
	provinces={
		85 217 279 774 946 1092 1429 1601 1792 2493 2560 2610 2754 3639 3859 3873 3926 4336 4677 4737 4807 5273 6661 6670 6810 7571 7835 8073 8367 8440 8683 8851 9466 9471 9676 9808 10318 10348 10413 10491 11092 11112 11130 11255 11284 11341 11531 11535 11543 11702 11760 11866 12332 12419 12560 12713 12797 13022 13120 13641 13788 13835 14030 14303 14327 14402 16504 16506 16557 16573 16587 16598 16609 16643 16676 16678 16690 16694 16712 16713 16745 16749 16752 16755 16759 16776 16802 16829 16842 16903 16914 
	}
	manpower=1164685
	buildings_max_level_factor=1.000
	state_category = town
}
