state={
	id=8
	name="STATE_8"
	resources={
		steel = 4
	}
	history={
		owner = BLR
		buildings = {
            infrastructure = 3
            industrial_complex = 2
            arms_factory = 1
        }
		
        victory_points = { 9740 30 }	#Vitebsk
        victory_points = { 14741 15 }	#Polotsk
        victory_points = { 41 5 }		#Pastavy 
        victory_points = { 13239 20 }	#Orsha 
        victory_points = { 1071 15 }	#Lepel 
	}
	provinces={
		18 41 51 60 184 240 297 323 398 419 456 509 533 573 598 612 936 986 1037 1069 1071 1108 1116 1127 1202 1222 1446 1488 1561 1574 1578 1628 1649 2077 2108 2163 2193 2367 2500 2628 2791 2814 2946 2988 3071 3077 3115 3210 3350 3385 3475 3521 3580 3696 3915 4074 4103 4239 4319 4343 4349 4416 4437 4648 4726 4775 4800 4834 4884 4939 5006 5007 5204 5315 5356 5381 5438 5498 5593 5694 5730 5751 5857 5965 6245 6323 6453 6456 6462 6665 6786 6822 7039 7154 7160 7352 7416 7500 7531 7551 7561 8231 8295 8346 8395 8560 8563 8569 8687 8772 8836 8859 8906 9010 9151 9169 9260 9442 9569 9581 9616 9716 9740 9772 9951 10010 10053 10148 10179 10216 10223 10224 10501 10537 10618 10622 10644 10851 10866 10971 11117 11166 11204 11334 11380 11426 11478 11772 11788 11898 12479 12558 12628 12654 12669 12678 12702 12894 12904 13049 13103 13239 13350 13367 13370 13765 13793 14132 14134 14179 14344 14469 14506 14602 14696 14697 14698 14699 14700 14701 14702 14703 14704 14705 14706 14735 14740 14741 14749 14757 14763 14775 14779 14787 14809 14810 14816 14820 14824 14834 14835 14840 14845 14849 14855 14860 14868 14885 14889 14901 14925 14930 14933 14937 14941 14943 14953 14956 14960 14968 14971 14976 14977 14980 14983 14984 15000 15014 15033 15038 15043 15049 15056 15081 15082 15084 15094 15102 15106 15129 15132 15136 15139 15144 15164 15165 15167 15183 15188 15225 15255 15275 15285 15297 15309 15336 21768 21769 21754
	}
	manpower=1103833
	buildings_max_level_factor=1.000
	state_category = large_town
}
