
state={
	id=88
	name="STATE_88"

	history={
		owner = SOV
		victory_points = {
			357 15 
		}
		victory_points = {
			380 15 
		}
		buildings = {
			air_base = 1

		}

	}

	provinces={
		65 380 1126 1141 1347 1511 1557 1683 1884 2589 2809 2855 3326 3530 3554 3981 4115 4166 4790 4921 4932 5025 5442 5630 6331 6394 6974 7244 7346 7585 7605 7799 8094 8098 8416 9044 9238 9613 9667 9770 9945 10306 10401 10444 11111 11273 11641 11804 12085 12416 12877 13029 13386 13500 13860 14207 14280 14470 14676 17226 17248 17271 17292 17305 17331 17339 17359 17380 17410 17428 17429 17470 17474 17495 17509 17511 17515 17524 17531 17553 17582 17631 17644 17645 17677 
	}
	manpower=80671
	buildings_max_level_factor=1.000
	state_category=town
	local_supplies=0.000
}
