state={
	id=9
	name="STATE_9"
	history={
		owner = SOV
			
		
		victory_points = {13334  30} # Smolensk
        victory_points = {13383  5} # Vyazma
        victory_points = {13236  5} # Roslavl
        victory_points = {14106 5} # Rudnya
        victory_points = {3273 5} # Pochinok
        victory_points = {2896 15} # Khislavichi
        victory_points = {4731 15} # Roslavl
        victory_points = {7235 5} # Safonovo
        victory_points = {4550 5} # Dorogobuzh
        victory_points = {234 5} # Yartsevo
        victory_points = {2672 5} # Desnogorsk
        victory_points = {6549 5} # Elnya
        victory_points = {2896 5} # Monastyrshchina
		buildings = {
			air_base = 2
			infrastructure = 3
			industrial_complex = 3
			arms_factory = 1
		}
	}
	provinces={
		63 148 234 334 349 354 475 492 537 584 585 648 679 711 829 861 904 920 1132 1203 1243 1276 1279 1502 1530 1569 1626 1714 1768 1794 1903 1932 2003 2056 2071 2200 2255 2411 2415 2435 2549 2653 2672 2685 2730 2896 2903 2944 2957 3052 3185 3211 3273 3377 3408 3420 3482 3487 3532 3575 3698 3971 3998 4069 4114 4137 4145 4250 4385 4401 4423 4458 4550 4721 4731 4741 4955 5023 5173 5175 5234 5336 5467 5475 5490 5512 5522 5541 5620 5645 5672 5733 5782 5812 5875 5902 5907 5935 5986 6169 6179 6271 6345 6352 6398 6527 6549 6610 6884 6888 6908 6910 6932 6976 6983 7125 7235 7252 7273 7443 7480 7539 7653 7667 7676 7713 7827 7856 7949 8084 8168 8377 8456 8583 8612 8735 8886 8933 8949 8960 9012 9062 9167 9401 9405 9481 9554 9590 9628 9647 9679 9837 9840 9911 9919 10014 10123 10311 10321 10361 10403 10506 10534 10547 10570 10597 10600 10605 10608 10646 10651 10689 10742 10771 10823 10907 10917 10921 11038 11086 11090 11098 11138 11194 11268 11336 11560 11688 11711 11718 11789 11796 11801 11834 11977 12007 12221 12223 12224 12239 12240 12336 12337 12506 12598 12607 12609 12653 12707 12736 12795 12817 12924 12926 12997 13110 13161 13178 13240 13334 13413 13447 13470 13520 13527 13638 13725 13745 13751 13795 13888 13964 14016 14044 14069 14106 14161 14163 14213 14265 14272 14386 14547 14630 14707 14708 14709 14710 14711 14736 14737 14747 14752 14758 14767 14769 14780 14788 14789 14790 14805 14806 14825 14831 14850 14851 14852 14856 14880 14892 14897 14919 14920 14921 14923 14926 14944 14951 14958 14961 14965 14978 15003 15012 15017 15025 15027 15039 15040 15044 15052 15059 15064 15071 15083 15087 15090 15095 15099 15107 15115 15140 15146 15156 15175 15178 15194 15195 15214 15223 15264 15267 15282 15298 15299 15321 15331 15337 15349 15368 15375 15377 15415 15416 15439 15440 15450 15462 15512 15532 15580 15584 15626 15720 21779 21780 21781
	}
	manpower=873451
	buildings_max_level_factor=1.000
	state_category = town
}
